187 5 240 202 74 242 77 110 125 171 223 234 35 
12 179 153 119 96 230 206 8 159 124 171 62 139 
255 6 134 18 56 154 178 262 258 178 232 247 177 
237 52 46 212 57 260 61 54 258 5 67 169 122 
88 124 130 98 155 51 102 54 265 121 3 261 84 
258 231 150 79 23 39 164 83 37 24 59 162 128 
252 187 138 134 89 74 134 121 79 149 95 25 40 
219 106 95 150 67 17 54 141 113 33 111 39 52 
207 71 61 54 191 64 168 219 235 148 229 50 29 
6 109 246 53 56 84 79 44 110 209 44 66 240 
1 187 171 92 271 30 71 84 248 46 123 157 6 
275 41 152 169 262 118 16 77 221 162 183 152 233 
212 21 42 266 110 187 161 30 19 2 178 34 40 
18 126 216 219 4 37 50 7 138 203 87 221 89 
192 83 78 239 163 174 268 61 33 67 133 74 90 
0 144 230 234 35 200 164 199 55 27 86 259 56 
109 241 166 48 155 217 128 270 87 201 276 65 80 
119 268 137 237 40 42 7 145 237 260 176 14 134 
126 122 178 140 155 216 274 82 264 20 150 174 132 
179 43 132 139 223 265 103 158 176 210 58 237 33 
163 274 47 210 144 112 85 137 0 270 51 262 122 
110 123 186 233 132 41 118 37 154 198 223 56 30 
10 230 194 152 60 249 177 176 98 78 69 141 76 
78 172 165 219 256 160 3 63 254 193 180 199 176 
181 86 240 252 59 143 252 21 158 272 263 131 92 
226 189 180 242 134 221 170 111 24 228 29 108 276 
88 223 74 265 35 146 150 52 215 144 193 269 232 
105 81 7 238 263 177 210 201 6 274 204 55 77 
17 143 220 57 81 14 124 187 23 216 142 244 72 
34 264 259 256 13 124 190 200 253 115 138 43 271 
22 111 10 272 201 46 272 255 260 64 187 243 193 
248 8 106 235 201 229 104 220 193 119 64 183 193 
79 147 144 253 15 139 129 262 210 86 202 274 166 
254 144 253 29 2 259 66 6 168 164 13 3 221 
93 2 100 261 199 68 242 219 268 239 178 180 153 
163 140 37 204 252 170 1 267 267 106 17 272 90 
250 23 85 262 276 26 79 94 11 48 17 235 220 
26 109 100 250 8 198 199 271 176 7 90 28 261 
203 200 172 60 274 165 111 7 256 140 255 206 39 
193 3 21 107 196 97 115 12 271 95 41 203 37 
197 248 4 105 243 206 118 184 19 71 232 93 55 
26 149 224 138 56 269 79 24 171 75 75 105 20 
42 126 206 199 207 46 233 195 146 155 178 193 174 
247 54 87 178 130 256 224 64 56 211 158 104 25 
1 215 118 156 187 160 200 245 51 110 236 180 195 
136 272 59 35 207 94 54 127 167 56 125 55 173 
123 225 134 199 27 73 117 217 51 166 218 3 256 
64 25 60 162 246 86 155 6 245 35 131 39 224 
76 250 135 50 141 186 272 94 178 41 162 193 225 
36 39 127 22 251 154 104 263 95 108 258 54 215 
117 128 130 137 32 45 137 38 205 141 272 180 271 
94 143 158 133 24 238 255 197 207 252 239 0 181 
263 216 111 103 175 252 93 116 17 91 208 4 216 
84 236 27 192 64 81 258 188 264 153 51 270 136 
217 5 1 139 152 36 142 162 194 13 185 250 176 
122 43 220 200 6 20 158 240 100 133 47 48 193 
115 157 11 214 59 174 47 105 165 64 256 57 70 
125 200 260 146 213 147 77 171 80 17 154 166 162 
223 166 155 83 201 263 145 16 113 160 182 231 254 
114 107 42 66 74 226 85 44 243 8 18 178 164 
2 69 118 187 237 137 233 147 197 226 221 93 152 
248 138 135 10 48 47 146 101 151 254 179 168 204 
168 41 67 163 231 83 0 133 165 231 198 143 218 
10 91 131 138 248 157 228 209 210 23 73 128 250 
71 254 95 163 148 46 130 49 215 31 235 118 24 
249 264 215 71 28 1 275 203 148 189 102 46 29 
34 270 210 167 138 90 186 235 76 249 15 229 37 
125 220 130 11 143 244 274 257 36 130 17 46 179 
276 219 104 73 44 8 96 114 175 190 78 238 123 
66 62 82 8 38 24 50 227 67 74 44 3 43 
195 209 274 171 71 88 184 73 28 140 33 234 18 
72 267 44 180 167 104 275 247 170 80 271 57 128 
165 242 203 180 189 18 99 55 48 133 205 273 108 
58 18 101 141 225 111 81 64 88 136 8 258 51 
96 17 193 196 79 256 208 47 207 112 229 214 198 
8 10 22 228 245 273 76 126 94 193 196 200 21 
144 72 59 134 229 124 252 16 273 183 141 80 79 
133 45 213 276 134 6 218 90 37 52 100 106 74 
44 198 124 73 270 183 96 142 159 169 273 269 32 
169 36 224 193 39 177 67 225 197 27 9 91 22 
218 271 194 28 184 172 39 57 65 121 101 111 175 
250 40 76 198 75 42 124 57 82 188 169 101 125 
2 60 170 128 56 3 267 261 129 203 230 275 269 
182 15 263 13 157 145 241 261 173 6 2 236 65 
163 6 242 189 66 106 31 230 174 121 155 174 112 
247 142 58 82 7 169 254 244 114 168 26 171 60 
170 263 149 117 18 192 23 133 11 250 26 265 162 
266 229 67 252 84 35 87 248 84 107 182 97 116 
229 26 54 149 130 149 107 140 73 121 27 62 190 
265 30 3 230 123 276 227 37 53 29 263 165 228 
162 183 203 25 262 100 262 156 95 168 186 193 143 
147 152 211 276 211 150 138 128 21 231 234 197 5 
5 219 143 255 135 254 88 187 25 266 156 257 265 
133 44 203 196 15 195 120 112 143 110 3 68 50 
78 229 158 177 46 33 3 252 208 80 191 271 169 
96 206 127 33 208 197 229 157 227 16 79 152 190 
16 32 44 264 2 241 27 229 45 145 121 40 9 
115 146 112 117 39 162 273 85 128 16 199 10 117 
243 194 104 173 176 14 215 133 82 263 143 32 8 
81 120 90 138 95 271 115 100 186 257 83 237 186 
32 272 262 46 103 271 100 91 3 0 246 159 126 
59 153 126 42 256 7 249 198 104 123 35 12 46 
229 78 125 36 78 46 55 18 138 150 165 197 146 
139 73 127 150 102 149 251 229 189 157 24 250 10 
252 159 96 167 237 101 118 202 135 139 135 77 43 
83 106 60 153 65 269 139 242 20 257 239 233 241 
218 40 142 204 100 154 26 240 0 43 245 221 135 
87 186 224 150 99 111 125 71 188 222 220 192 111 
178 174 32 274 53 141 183 51 208 56 4 152 48 
170 44 230 160 95 177 171 226 188 203 187 151 57 
69 51 94 32 219 121 80 59 37 239 145 252 160 
11 130 114 25 166 60 54 94 176 140 243 163 227 
35 1 185 43 97 146 35 53 187 202 268 231 222 
181 42 181 222 50 147 67 72 45 16 190 186 132 
269 136 84 143 208 169 53 69 203 100 116 165 108 
76 265 140 104 239 62 57 78 261 128 98 173 54 
90 135 235 73 244 254 125 96 72 142 256 56 27 
3 42 201 141 26 214 239 125 258 207 89 46 216 
160 52 73 142 271 149 82 32 51 117 168 38 241 
123 214 106 220 45 60 270 265 195 15 6 169 140 
276 146 209 11 115 81 244 228 72 18 217 231 177 
216 140 61 100 32 240 189 52 144 155 137 55 25 
112 164 41 130 55 199 144 37 103 70 67 79 109 
133 153 261 194 191 202 65 253 201 103 256 200 109 
45 120 178 182 148 164 249 188 74 230 226 53 175 
141 125 99 127 154 269 96 61 88 244 64 154 175 
240 244 162 217 115 161 163 31 21 243 74 151 36 
84 246 160 143 123 221 60 191 223 108 205 245 33 
201 23 101 221 141 69 258 59 120 126 72 15 84 
164 120 146 102 25 56 182 92 238 76 21 168 87 
197 164 265 23 226 47 171 45 249 3 96 141 4 
264 240 210 139 12 40 193 93 101 147 190 137 21 
130 129 214 208 66 210 243 92 258 221 136 17 265 
271 64 255 97 105 125 118 181 225 226 74 164 40 
266 16 24 27 270 127 191 94 183 105 138 157 163 
146 228 268 3 220 183 222 181 209 24 169 84 157 
180 19 156 179 203 28 113 263 49 141 134 234 68 
262 75 267 262 252 10 90 133 123 3 123 52 0 
254 217 14 215 7 77 213 235 99 47 50 63 182 
164 23 90 103 174 216 90 145 217 210 219 92 9 
66 264 235 262 251 113 61 15 164 38 75 142 129 
64 142 263 270 155 220 42 180 83 271 250 222 270 
15 150 71 113 178 134 96 100 190 178 104 163 94 
184 254 187 248 51 108 207 212 32 67 187 37 146 
67 8 51 232 184 176 249 181 119 2 112 25 274 
125 245 201 39 84 121 252 258 17 16 199 262 155 
15 57 275 162 118 152 147 196 155 219 63 223 42 
42 32 191 161 143 216 269 102 195 208 172 69 63 
188 233 57 129 135 266 137 72 24 82 116 98 80 
106 183 261 122 37 108 148 148 131 136 175 210 151 
212 50 171 152 139 232 84 248 230 158 102 46 147 
98 46 13 105 13 157 272 188 227 219 45 89 19 
20 40 64 70 216 176 86 14 101 43 194 10 194 
242 275 152 260 205 181 60 269 225 118 157 246 21 
248 241 163 228 128 191 200 180 154 111 203 6 255 
175 274 220 233 201 50 131 177 267 173 158 73 18 
69 183 39 276 173 27 157 236 197 162 26 187 217 
239 27 123 170 65 6 185 192 216 63 112 133 256 
18 122 257 53 133 27 30 267 109 241 243 143 35 
208 20 65 25 115 235 197 197 239 275 116 248 3 
185 268 162 224 17 274 122 22 185 3 236 192 113 
50 109 85 237 5 41 37 271 88 24 53 225 138 
171 75 146 264 69 6 146 106 54 162 196 246 72 
57 40 113 48 260 137 0 104 219 90 146 117 27 
186 37 111 276 230 82 110 18 123 216 95 26 245 
260 173 126 197 12 112 112 148 257 1 10 5 10 
4 203 254 167 187 273 241 179 272 258 60 193 114 
236 51 199 9 179 129 247 104 22 213 165 8 266 
190 46 213 33 47 4 170 132 45 45 18 61 152 
255 100 118 268 66 96 13 220 26 32 73 123 246 
264 247 162 240 232 14 182 153 74 25 218 214 192 
34 253 118 178 268 138 253 65 161 65 50 22 14 
271 96 67 110 243 51 240 175 64 40 119 16 56 
109 64 218 230 44 257 209 87 160 62 158 171 48 
146 122 211 110 179 65 49 226 258 48 134 124 65 
74 46 51 199 129 232 200 13 192 53 43 193 36 
10 37 149 59 91 265 229 80 69 5 140 263 88 
164 139 258 88 91 207 147 16 271 147 194 193 132 
270 221 24 255 121 67 144 163 203 190 112 48 73 
164 212 230 85 45 137 98 153 16 131 195 210 38 
29 139 23 231 197 271 89 213 167 253 241 199 262 
254 27 178 21 35 217 122 255 241 235 258 253 59 
220 145 69 137 206 274 152 32 262 13 131 258 200 
116 29 221 217 189 32 213 233 122 173 24 80 151 
13 40 97 253 199 231 72 90 10 218 5 198 130 
189 131 37 255 84 221 104 80 163 189 158 265 109 
26 64 47 166 87 123 226 213 203 96 91 259 207 
190 230 232 108 155 126 167 8 19 91 125 59 151 
151 116 48 211 60 17 250 238 38 128 169 269 8 
171 242 270 275 247 9 177 188 83 61 269 62 217 
263 134 65 180 138 270 212 125 100 265 107 260 17 
44 110 78 61 79 181 275 60 52 151 143 105 145 
255 264 126 230 146 244 29 145 260 6 153 266 206 
40 273 94 206 225 221 194 255 179 179 24 39 84 
68 157 213 273 243 27 271 112 206 109 54 124 264 
8 103 18 65 95 225 184 13 160 189 40 261 189 
83 273 57 4 99 249 5 160 5 14 107 124 98 
56 243 136 274 194 161 267 32 0 94 14 235 164 
165 193 220 131 177 267 89 130 44 24 14 165 57 
78 121 232 147 229 243 209 58 44 240 119 132 143 
258 234 232 187 164 249 30 73 148 199 170 124 257 
243 159 127 11 124 11 167 227 61 199 95 266 202 
26 65 104 11 27 120 257 128 44 77 186 38 38 
39 35 275 27 259 191 42 225 192 273 225 97 229 
104 28 104 50 114 225 271 189 219 126 146 157 159 
169 41 84 34 20 155 141 123 129 247 253 139 12 
148 116 191 76 236 101 26 198 42 50 259 158 60 
206 160 145 9 222 86 270 88 88 60 148 31 36 
83 264 68 243 61 15 83 212 38 179 68 69 106 
78 24 235 24 232 125 175 22 241 117 22 229 216 
115 103 1 126 101 98 151 139 21 255 145 169 244 
44 32 137 76 104 69 271 204 65 21 21 215 132 
183 182 154 156 205 85 80 162 18 183 72 140 79 
11 164 123 221 192 195 93 37 213 269 233 83 24 
161 216 53 219 181 241 39 274 259 47 119 136 94 
102 78 91 227 178 244 223 37 246 63 105 146 160 
269 191 219 79 214 118 18 200 10 252 131 166 17 
152 256 83 53 6 227 175 202 118 125 271 257 120 
143 56 167 269 244 134 116 233 151 160 192 213 91 
243 67 14 108 165 207 125 153 240 127 182 99 39 
124 91 217 199 261 164 140 236 127 142 197 52 16 
272 237 14 18 124 101 220 74 113 68 268 135 207 
87 40 42 173 59 10 275 148 202 129 34 168 267 
257 204 221 193 194 235 239 124 221 274 59 35 143 
16 206 272 153 177 220 231 113 25 3 96 256 35 
44 228 232 223 24 144 154 45 171 55 30 82 250 
267 266 51 244 230 192 1 275 88 200 203 123 153 
142 59 58 35 224 57 137 13 157 63 35 143 130 
10 163 138 115 94 234 173 193 40 239 195 270 264 
237 257 91 171 261 256 76 209 38 110 140 177 228 
213 254 79 131 173 16 122 138 196 107 192 197 155 
38 32 194 34 45 121 18 210 173 9 5 175 30 
244 54 272 212 57 61 25 89 249 24 250 24 25 
19 107 244 174 45 250 139 13 202 121 238 113 194 
94 192 235 137 222 183 45 201 47 92 184 154 232 
162 204 34 127 30 38 109 174 148 199 170 22 248 
77 173 196 266 94 133 212 122 249 85 195 83 163 
160 5 186 37 59 156 231 128 100 223 30 185 15 
260 53 71 183 158 237 47 36 247 180 153 266 192 
168 132 54 103 221 33 270 13 198 136 99 11 252 
26 239 253 136 62 10 244 111 133 216 273 213 115 
165 267 215 239 269 98 58 64 80 272 46 122 237 
273 240 150 137 222 207 80 96 143 233 120 233 36 
46 195 99 13 254 54 275 273 33 244 164 195 120 
169 243 145 61 103 73 157 232 239 64 43 218 250 
274 276 31 83 137 179 245 134 103 48 184 62 214 
206 15 250 118 113 64 2 181 236 216 131 123 155 
107 14 147 152 29 59 214 196 110 6 137 46 167 
5 169 60 186 147 71 86 245 247 205 26 171 256 
16 103 1 56 7 263 129 137 115 270 53 47 157 
63 118 6 169 0 192 97 58 167 167 175 221 157 
158 175 102 125 188 240 161 264 115 96 252 110 134 
151 246 215 78 134 60 259 18 100 81 61 204 48 
172 200 33 267 85 100 64 49 97 76 66 234 273 
213 230 114 31 64 146 83 3 58 74 140 1 203 
22 85 245 197 102 65 182 168 158 118 179 133 213 
206 168 153 119 14 264 231 131 35 116 107 192 241 
276 218 264 86 113 169 215 189 12 247 194 214 8 
231 1 170 104 237 206 217 227 267 227 127 17 149 
200 162 216 166 172 186 77 251 242 65 159 211 113 
187 248 154 179 273 148 179 75 162 116 0 232 202 
153 171 12 3 201 157 49 16 233 209 24 232 70 
264 59 99 173 44 30 243 185 0 207 260 66 206 
248 194 104 203 30 149 170 25 256 120 237 106 170 
146 160 133 83 65 117 242 122 232 241 95 276 109 
268 201 255 7 79 177 60 236 221 128 269 218 199 
158 138 205 273 97 62 247 59 137 250 70 26 90 
44 138 78 24 108 110 216 268 53 60 62 172 78 
209 80 262 213 173 15 246 42 35 11 39 232 45 
94 22 49 194 70 156 172 228 22 55 68 200 90 
180 100 105 58 118 38 49 272 143 164 59 106 123 
50 190 137 184 125 32 198 235 181 123 161 49 89 
145 268 128 78 145 64 276 30 94 138 199 187 95 
94 115 87 248 76 57 89 24 228 50 267 155 238 
212 61 242 187 213 217 95 140 57 32 38 44 239 
63 204 60 11 92 33 105 36 46 37 85 241 158 
201 33 112 255 252 47 163 4 56 87 146 177 9 
220 266 11 35 130 27 50 138 269 46 261 246 245 
79 49 123 19 60 262 48 27 155 157 274 68 77 
218 71 8 274 54 173 6 208 108 110 8 113 143 
248 147 218 2 271 79 167 67 232 153 189 123 242 
140 149 248 123 197 72 167 52 11 232 138 56 252 
212 224 244 158 52 79 208 260 198 139 144 72 246 
272 264 264 128 270 82 39 253 173 199 185 255 182 
32 69 57 29 70 223 50 123 157 272 159 221 250 
265 70 7 134 114 199 126 243 271 236 182 175 43 
141 109 81 193 232 129 128 86 27 34 249 124 212 
13 58 73 267 246 73 95 110 62 141 92 185 36 
228 37 16 127 206 58 122 271 147 227 161 97 39 
61 93 261 271 235 67 254 103 250 274 179 231 4 
110 51 48 227 257 182 62 90 207 177 6 196 100 
186 219 154 204 128 147 250 271 255 233 115 213 265 
10 223 115 237 72 144 274 87 85 217 244 17 211 
211 87 78 6 18 200 251 193 58 32 195 259 194 
243 256 79 75 150 181 208 96 265 5 220 38 251 
136 267 76 34 184 20 133 118 122 101 62 221 167 
88 200 10 49 35 121 276 235 108 37 206 223 53 
142 42 247 20 197 35 114 169 25 193 36 275 91 
212 131 74 142 165 65 129 35 85 112 144 43 138 
124 92 249 273 204 100 236 187 204 85 248 37 93 
246 256 18 139 139 94 272 58 195 74 197 144 251 
161 235 258 135 229 39 203 15 241 68 89 88 106 
5 54 241 26 234 14 155 39 189 100 144 111 135 
86 136 91 133 55 237 177 259 104 193 23 104 30 
47 63 75 39 74 44 150 71 124 255 79 205 3 
114 239 191 81 159 153 154 203 198 39 207 48 154 
220 42 32 275 124 121 250 145 124 232 270 232 89 
89 215 75 199 101 7 107 31 205 50 54 195 72 
216 108 165 71 139 17 133 112 20 12 272 150 230 
244 175 98 208 134 88 89 238 63 242 264 36 205 
65 154 275 77 253 159 178 53 199 183 109 163 62 
152 12 106 222 176 174 77 238 57 124 168 86 106 
180 15 127 220 239 123 130 206 222 41 107 7 3 
44 32 131 165 191 205 136 45 40 13 187 229 168 
43 69 26 246 2 109 37 244 262 74 101 162 51 
206 44 167 72 199 132 47 57 216 234 47 172 10 
28 138 201 215 177 165 4 171 163 156 109 73 240 
131 20 3 178 153 190 13 153 223 41 229 115 185 
155 271 100 156 234 139 51 91 133 161 173 238 236 
179 217 218 140 77 132 112 230 266 128 107 129 90 
175 249 190 225 8 140 46 213 155 271 178 124 154 
113 140 249 21 106 263 187 32 158 28 234 208 192 
187 45 217 71 226 108 221 276 90 155 160 251 5 
93 108 76 181 266 150 218 19 248 125 129 82 96 
19 160 211 273 241 244 173 190 172 134 98 55 38 
260 81 173 162 173 41 134 209 220 135 211 157 35 
5 200 156 161 160 20 54 114 201 88 45 195 76 
121 146 11 198 146 195 172 141 137 154 154 166 218 
122 3 230 244 113 124 90 158 13 259 177 174 88 
137 34 10 128 117 256 193 86 214 190 199 55 109 
43 267 253 127 165 74 271 235 111 27 244 75 60 
80 242 62 227 7 177 30 133 276 107 113 132 209 
196 122 130 19 148 87 103 230 108 55 127 191 132 
2 243 29 144 205 244 209 211 253 63 134 76 218 
131 48 252 72 81 252 0 164 206 161 44 167 123 
89 207 157 95 95 121 45 155 184 234 132 242 222 
12 215 258 152 77 104 99 273 219 260 85 235 46 
270 70 4 234 54 8 12 14 104 57 76 182 271 
152 59 249 139 2 229 154 21 91 112 37 140 5 
51 50 185 225 50 14 2 187 57 273 173 28 158 
199 270 92 7 28 188 221 239 101 76 251 217 179 
171 76 4 215 53 248 110 148 130 139 39 78 21 
230 236 116 180 117 139 249 157 148 193 51 231 260 
216 273 268 240 185 162 121 26 55 206 12 112 145 
70 254 218 105 76 230 218 3 65 135 119 59 135 
9 272 208 78 136 233 106 92 99 112 84 90 205 
115 201 6 260 243 33 171 225 240 196 39 46 265 
261 6 105 151 60 18 94 171 232 49 244 198 269 
100 118 153 101 235 203 184 81 3 111 173 261 60 
246 204 171 145 272 183 42 184 269 47 201 50 105 
166 206 138 60 121 177 190 225 3 5 219 144 263 
140 54 112 273 3 120 260 72 58 141 27 192 272 
8 50 94 119 52 57 218 52 265 170 102 8 106 
167 83 220 239 102 81 13 39 173 58 17 93 54 
143 261 75 34 102 136 191 164 208 213 185 96 117 
275 230 10 185 67 183 168 145 177 25 131 232 51 
203 75 91 222 40 251 111 197 246 120 5 3 259 
258 37 217 31 95 26 274 157 4 189 267 137 56 
80 39 132 51 130 216 222 275 115 192 14 5 131 
169 178 76 33 156 198 3 122 54 111 128 96 47 
245 262 191 11 184 126 160 92 103 222 195 6 79 
241 274 120 223 98 226 115 225 185 241 182 145 244 
249 37 192 91 166 118 234 188 266 207 111 106 214 
76 53 144 60 20 3 129 33 88 53 40 142 264 
44 96 200 8 134 33 48 234 83 248 275 53 204 
16 66 23 82 177 35 46 88 169 150 51 115 206 
268 166 275 208 127 74 56 263 151 115 209 52 143 
63 22 30 209 163 199 186 24 54 230 28 255 104 
221 24 196 153 248 46 145 87 144 173 185 187 273 
4 132 227 182 152 100 262 87 151 120 30 87 118 
31 69 157 261 202 121 72 127 21 86 254 207 196 
29 79 252 102 166 269 1 149 36 37 179 77 215 
77 32 3 235 52 235 87 145 92 226 259 251 56 
197 124 24 178 174 149 151 150 229 182 152 212 269 
209 258 129 252 28 40 74 108 2 171 238 186 260 
144 158 84 270 54 263 66 101 36 149 56 60 84 
94 217 247 159 245 215 96 183 142 192 251 168 157 
40 168 242 180 253 218 193 109 84 220 109 148 55 
217 133 131 106 220 218 138 42 166 181 167 136 191 
177 105 168 32 183 138 213 275 10 170 113 173 247 
189 74 66 99 3 115 105 171 131 242 226 276 268 
166 80 135 47 227 20 62 240 34 229 2 197 85 
21 207 142 168 103 3 83 51 135 79 81 184 42 
199 143 238 161 238 127 68 61 126 50 45 187 101 
240 194 92 241 146 34 221 191 14 191 86 238 204 
214 259 10 134 27 156 195 129 146 71 42 243 241 
112 20 38 47 226 3 132 192 120 137 104 137 245 
212 131 117 71 10 2 145 2 27 15 120 151 235 
86 20 181 114 206 40 164 170 275 98 170 62 181 
11 200 150 81 241 205 269 77 147 78 147 223 142 
181 76 52 123 164 120 153 8 178 2 49 143 117 
86 272 128 121 96 168 170 13 74 44 49 157 147 
37 24 141 159 28 236 246 264 50 91 74 247 206 
87 75 62 154 135 274 75 14 39 101 189 81 231 
150 249 61 147 62 255 209 182 220 215 169 257 117 
216 73 193 203 112 10 210 86 177 33 176 275 75 
231 40 133 173 36 118 172 231 205 121 7 184 14 
252 128 32 241 224 179 49 132 53 216 160 90 84 
250 41 237 199 83 245 42 179 72 165 216 93 249 
38 238 221 30 182 250 209 74 8 29 236 258 104 
36 64 175 135 168 160 238 209 140 163 23 260 255 
34 125 205 135 121 74 92 1 116 74 241 68 243 
86 24 184 77 145 262 259 56 61 113 138 44 272 
115 167 164 38 181 81 70 21 143 99 118 177 86 
273 153 186 178 37 208 196 6 255 272 210 231 206 
84 170 193 53 233 265 38 140 86 204 225 148 218 
117 19 181 65 62 23 14 124 166 80 257 30 169 
124 201 76 40 53 188 3 67 170 56 239 63 163 
183 195 69 152 208 213 25 75 216 13 225 133 220 
276 104 70 53 67 159 195 138 59 238 223 45 150 
205 270 266 90 73 120 264 132 216 153 111 143 128 
43 230 93 17 145 50 131 234 40 201 146 266 273 
243 1 218 131 31 189 88 67 263 87 205 208 115 
98 100 239 107 18 31 258 227 60 225 82 212 87 
107 94 167 94 101 56 195 134 16 89 164 134 166 
40 137 227 54 61 260 173 55 62 27 22 139 155 
68 143 125 7 5 187 21 131 265 43 65 187 112 
208 115 262 35 212 20 60 195 221 183 114 241 94 
221 228 79 213 90 199 113 218 90 128 65 253 3 
165 63 90 227 39 83 99 104 104 16 80 177 226 
233 20 213 271 77 108 233 158 33 26 219 92 130 
64 8 268 218 110 192 259 222 212 115 1 168 147 
214 127 244 100 154 59 269 189 250 120 167 67 12 
107 140 151 266 264 233 16 101 246 25 245 114 146 
199 9 191 23 241 48 147 169 99 139 51 167 201 
227 100 1 192 78 204 215 71 170 216 110 254 84 
75 259 25 122 55 2 241 145 151 102 82 77 233 
48 224 95 9 78 160 271 76 202 109 173 140 178 
255 125 271 157 242 0 1 267 50 105 29 3 202 
186 222 51 95 15 104 246 165 203 179 222 98 181 
244 247 51 214 69 11 151 16 267 163 209 201 218 
39 26 156 20 128 24 121 5 214 74 268 54 183 
135 113 2 164 44 76 119 58 247 42 241 158 60 
70 254 227 222 109 138 147 88 155 210 50 242 143 
16 110 48 226 221 153 56 34 39 135 145 233 206 
64 8 72 36 240 123 46 105 141 43 135 241 75 
205 268 229 199 200 239 140 85 51 118 5 119 204 
185 148 184 29 216 47 59 194 165 46 107 192 17 
135 263 118 143 96 136 269 66 98 24 104 256 63 
253 204 41 261 109 149 165 46 113 234 132 166 182 
233 15 252 57 265 233 219 107 199 81 138 105 255 
266 78 64 142 225 204 230 182 98 51 195 108 95 
51 134 126 79 201 150 33 144 255 58 237 146 160 
32 223 187 101 184 105 2 89 91 195 231 251 42 
182 58 77 124 13 71 245 169 43 107 273 250 93 
149 220 52 80 190 73 66 266 105 184 243 184 106 
177 109 106 174 9 213 121 110 45 89 199 110 35 
100 136 243 17 99 252 8 90 146 270 224 248 23 
139 145 234 172 156 74 57 274 4 191 158 114 127 
200 71 13 3 240 140 176 112 162 147 27 231 178 
76 112 55 82 105 63 216 238 8 99 222 128 231 
123 130 198 95 109 23 102 40 192 133 24 204 190 
4 106 269 230 222 218 122 31 204 109 71 89 41 
200 237 99 140 88 214 129 253 220 210 141 219 57 
224 227 274 207 45 103 98 12 76 56 93 264 200 
13 234 23 229 23 244 208 103 192 212 200 235 1 
49 12 252 231 98 166 81 217 121 148 10 111 251 
103 270 67 51 72 220 218 61 14 61 191 119 117 
135 182 268 275 185 106 31 268 4 157 266 106 166 
97 49 152 65 114 107 159 54 126 194 209 5 149 
188 206 21 168 271 15 226 163 35 169 173 36 63 
4 204 263 233 224 101 173 72 270 12 182 86 88 
195 172 143 123 93 127 269 20 270 260 237 159 148 
10 199 246 266 156 212 171 139 39 132 45 93 223 
169 54 17 7 144 0 248 246 134 268 168 31 14 
190 211 179 96 185 215 137 148 267 80 61 66 229 
16 178 53 111 42 235 257 14 90 104 221 261 4 
241 210 33 163 17 149 220 184 124 12 151 274 5 
219 260 163 107 48 274 173 259 51 113 82 212 173 
3 82 111 23 255 96 258 131 252 185 236 259 31 
233 127 36 8 252 274 192 60 61 48 182 158 218 
10 165 271 0 105 79 21 208 58 276 161 115 30 
58 28 78 6 172 3 6 274 170 248 192 121 154 
85 266 107 33 251 78 40 97 40 41 196 132 184 
246 21 71 60 211 13 257 220 121 35 174 153 139 
83 176 203 202 237 69 257 210 120 178 75 35 11 
178 175 64 165 238 161 198 250 67 186 205 34 193 
82 198 275 13 103 26 161 90 250 72 66 229 83 
52 38 26 271 263 37 240 93 106 159 158 211 127 
181 50 233 203 80 227 186 150 221 19 255 232 260 
31 80 190 134 270 33 16 193 176 239 86 13 67 
252 64 78 158 116 99 162 238 30 164 228 154 266 
208 213 90 147 228 164 260 33 153 252 131 213 32 
212 29 215 255 110 118 98 25 237 126 188 47 4 
15 165 210 89 253 159 67 154 127 266 172 274 45 
38 250 189 271 194 48 214 6 169 23 211 64 164 
107 17 149 257 165 231 142 148 220 19 27 267 231 
147 159 33 180 119 35 84 266 147 213 64 203 133 
231 105 30 218 191 3 73 39 253 192 159 10 119 
168 250 31 170 92 94 71 229 149 58 242 263 2 
174 11 51 215 128 62 222 99 54 202 17 91 203 
26 243 64 80 5 73 204 212 165 72 124 248 117 
23 199 75 233 162 72 211 120 218 252 198 34 191 
163 173 211 207 154 113 186 49 5 169 52 276 66 
271 149 56 71 77 9 47 212 164 197 188 42 126 
174 86 220 110 188 182 192 275 215 107 241 30 31 
46 273 122 261 40 107 2 173 98 156 134 96 147 
225 112 13 155 202 243 82 104 217 19 8 223 143 
219 250 167 21 228 5 183 267 233 239 258 53 7 
174 58 72 219 96 220 124 230 2 217 184 63 188 
101 112 241 41 25 185 125 240 255 188 3 104 210 
222 266 173 233 238 121 120 102 188 24 64 82 267 
238 248 86 206 13 172 66 163 39 119 78 136 131 
54 131 197 149 192 10 259 166 72 171 83 190 189 
101 153 265 165 21 2 203 206 180 127 33 50 250 
45 145 174 52 161 256 168 192 98 146 250 39 58 
224 171 143 191 25 12 81 52 149 186 54 183 267 
39 227 94 226 174 210 49 228 270 233 61 147 136 
109 107 178 98 177 205 187 235 187 70 190 5 21 
41 36 147 95 264 17 211 90 198 130 129 262 20 
220 79 190 259 135 264 74 26 165 70 76 275 161 
117 272 53 175 248 262 263 229 236 151 176 272 209 
245 46 206 87 94 219 77 217 153 271 24 270 98 
10 91 23 150 10 128 260 122 163 250 57 230 36 
132 268 23 220 9 271 3 148 177 70 58 205 271 
180 180 47 260 122 253 98 234 106 210 84 230 274 
228 220 29 245 156 52 49 127 116 68 38 255 208 
239 171 57 90 52 4 209 139 34 199 126 235 267 
29 238 36 184 26 148 164 16 213 63 231 105 128 
153 182 117 35 143 264 109 177 87 210 120 196 56 
127 235 55 3 64 133 84 144 150 99 156 256 65 
168 124 260 70 178 48 153 243 268 146 133 53 233 
58 71 267 75 91 78 159 255 209 84 125 175 249 
40 238 76 195 229 224 16 54 242 50 96 113 22 
94 146 85 182 146 49 125 189 79 59 35 100 220 
261 19 81 221 155 93 68 201 121 44 37 165 59 
79 159 203 130 60 243 90 5 7 249 262 201 266 
93 238 183 142 61 38 123 274 273 128 225 100 204 
62 153 10 1 197 52 14 192 134 257 231 200 156 
199 33 261 127 68 172 156 29 18 236 150 184 77 
154 213 57 190 27 188 268 270 213 76 65 51 225 
199 9 186 257 184 2 162 183 17 19 234 137 244 
205 186 116 15 145 110 180 145 79 153 174 102 30 
196 6 232 54 24 141 239 51 139 232 38 239 32 
199 20 186 45 168 34 61 131 207 242 99 102 195 
165 129 37 252 147 212 231 165 257 195 259 212 111 
55 3 98 48 48 28 202 160 70 272 274 146 188 
210 67 180 35 50 3 53 124 72 177 77 140 236 
248 201 180 174 162 232 250 204 49 196 181 120 176 
225 193 273 42 28 213 113 258 145 92 70 0 177 
21 127 50 186 67 139 247 207 174 57 81 267 272 
79 109 110 155 195 0 201 68 142 236 65 187 83 
186 4 204 202 110 248 161 185 227 113 174 58 177 
74 73 149 156 143 15 96 58 259 163 244 48 210 
112 207 99 163 180 84 267 156 219 5 71 38 192 
138 149 231 147 183 225 208 198 111 171 126 124 221 
101 180 230 20 265 107 83 3 152 244 117 171 237 
88 49 155 175 183 124 184 154 216 202 242 148 41 
202 82 157 77 207 240 111 227 194 64 98 140 1 
238 205 166 151 3 32 94 11 259 99 220 6 79 
179 203 87 103 251 269 245 218 107 135 156 78 140 
95 198 96 76 244 163 44 266 179 49 59 161 174 
244 160 35 197 198 179 89 0 141 151 210 59 167 
202 34 10 129 30 272 221 67 48 233 218 202 44 
260 163 89 236 25 203 156 57 265 154 225 55 43 
204 116 182 156 151 16 156 106 31 215 68 213 107 
226 26 108 240 42 64 106 148 237 75 135 26 166 
187 272 182 36 22 264 192 138 78 129 113 142 120 
211 207 232 154 110 24 25 262 75 158 67 79 241 
265 167 197 176 123 114 101 48 49 178 213 40 67 
227 182 227 210 119 276 217 178 99 109 135 34 263 
102 226 29 266 115 134 63 192 121 39 155 195 146 
92 217 103 170 162 19 115 127 241 102 212 122 268 
53 235 68 220 207 267 240 145 153 51 162 41 82 
155 272 171 242 207 47 248 68 183 248 215 29 106 
176 195 241 10 95 254 50 4 72 157 41 74 197 
146 90 79 192 67 209 81 161 23 184 17 254 208 
112 1 215 181 228 135 245 33 3 10 130 246 115 
130 179 235 92 57 4 107 232 52 5 106 175 146 
69 8 239 11 70 205 154 158 156 21 206 141 163 
156 89 2 226 264 93 182 221 175 71 44 205 39 
185 238 130 176 242 68 242 200 194 192 124 124 128 
54 245 63 47 2 207 184 218 189 159 65 29 123 
275 38 79 220 51 177 85 174 165 65 0 276 60 
161 140 156 99 192 75 32 229 85 65 115 110 22 
155 71 69 3 104 24 77 270 8 195 119 107 216 
58 122 143 143 30 94 274 61 31 254 36 108 158 
3 56 39 250 170 216 144 70 215 207 243 12 32 
19 93 120 4 19 196 203 24 272 166 50 85 239 
257 216 104 143 67 100 160 111 210 253 110 125 250 
120 181 26 200 189 157 60 8 214 195 249 140 164 
39 120 148 55 216 208 18 46 209 240 15 145 20 
248 54 220 126 259 25 205 244 132 18 131 42 140 
237 23 218 238 266 224 244 120 236 259 259 112 106 
128 79 107 271 150 153 78 64 211 144 126 104 222 
96 44 26 142 17 263 3 273 43 171 250 259 252 
143 92 227 199 28 121 210 232 129 127 162 156 11 
66 27 181 58 267 128 271 80 3 162 271 35 171 
260 270 96 238 165 53 90 47 227 40 182 16 214 
127 191 174 87 5 224 209 41 51 239 233 205 12 
231 209 113 125 224 238 1 102 218 125 124 114 155 
81 182 86 24 226 250 161 181 153 251 2 118 176 
28 126 29 276 35 44 77 31 192 146 194 95 257 
258 115 89 117 49 241 141 67 65 170 91 260 57 
187 193 25 161 210 41 45 227 31 82 181 40 93 
258 230 59 9 211 93 66 0 175 194 69 222 44 
184 167 96 221 71 139 239 242 18 147 187 244 81 
72 211 60 275 77 252 96 176 122 233 153 193 78 
234 226 264 78 244 274 11 24 64 53 174 111 240 
204 188 243 101 245 114 217 239 71 124 112 211 29 
136 161 116 83 149 265 176 78 202 105 244 274 270 
250 120 22 159 184 40 120 122 169 56 156 164 205 
137 95 275 200 120 78 145 102 159 238 240 224 230 
115 271 275 88 171 77 96 8 275 100 74 56 190 
263 263 154 261 212 10 265 274 93 169 158 18 205 
108 209 272 116 222 13 184 42 183 11 64 55 29 
77 125 108 180 122 34 70 118 35 107 54 245 145 
161 266 127 187 37 114 138 51 165 271 129 140 33 
131 142 74 167 4 148 20 169 207 220 181 28 17 
236 168 183 114 130 4 197 216 121 269 74 108 63 
103 143 85 241 194 266 138 88 236 264 34 95 36 
177 82 45 8 219 204 9 228 83 240 223 74 45 
50 143 132 173 248 230 56 195 129 163 254 250 215 
212 229 53 62 132 193 13 99 19 1 62 176 52 
38 12 150 164 7 267 213 250 151 0 86 75 39 
188 176 139 241 89 157 78 146 223 87 173 203 163 
154 177 189 238 66 17 107 181 253 42 271 266 140 
262 270 66 157 111 122 118 147 44 241 72 188 165 
5 111 142 116 213 19 42 48 62 138 274 142 23 
21 243 140 191 221 253 227 93 110 114 225 40 82 
126 55 60 10 160 80 40 80 22 191 122 16 119 
134 169 117 189 99 235 58 237 4 148 76 84 145 
136 116 80 91 124 54 238 143 110 59 185 24 124 
46 271 274 16 1 120 207 85 124 102 29 197 29 
50 93 222 96 209 14 150 126 214 18 249 82 82 
160 20 91 189 129 105 154 105 72 263 243 145 204 
130 230 41 172 60 193 72 242 6 178 270 210 132 
123 131 140 78 5 8 257 200 203 21 173 117 8 
68 17 34 29 43 54 160 113 53 93 15 145 272 
266 255 240 204 110 273 107 60 185 109 81 182 69 
98 163 231 191 169 110 104 85 81 211 44 19 45 
17 37 3 228 186 111 64 151 130 112 168 241 250 
244 126 183 46 275 41 226 104 186 61 240 22 169 
91 257 181 233 192 88 177 74 106 168 84 209 37 
66 191 195 50 256 26 137 9 194 273 116 238 92 
261 180 52 140 181 190 208 62 36 196 182 108 103 
38 50 195 56 142 67 1 107 126 83 97 18 44 
248 192 261 132 142 149 271 116 168 5 235 232 1 
261 198 9 59 246 66 253 181 7 154 123 44 252 
192 237 118 85 258 157 98 21 269 20 138 152 74 
111 247 12 20 222 217 99 197 127 82 246 241 222 
177 172 222 260 10 175 239 129 84 61 212 97 266 
164 190 45 274 84 83 104 25 100 80 206 37 152 
155 89 161 191 139 131 115 226 225 216 261 189 9 
86 202 69 172 167 141 121 160 135 159 88 200 202 
270 252 64 272 227 273 189 166 127 92 30 41 131 
166 20 129 140 181 142 106 16 205 51 195 267 90 
20 254 71 265 135 49 135 73 166 217 258 162 23 
45 56 210 61 112 59 213 196 160 191 189 185 239 
241 193 44 217 156 21 137 68 6 18 204 194 87 
141 109 107 186 116 128 182 219 156 145 16 148 195 
36 97 61 193 246 181 275 191 49 204 93 203 94 
268 224 239 84 13 268 230 206 245 59 196 94 200 
267 69 67 186 69 69 28 260 136 218 161 21 15 
207 11 130 46 235 183 117 235 129 112 267 188 127 
180 204 200 185 205 20 58 96 39 175 61 154 207 
207 110 165 230 17 133 189 173 34 170 55 264 22 
213 122 154 173 141 194 69 77 5 161 223 120 77 
260 102 208 107 245 123 261 200 85 107 86 181 205 
263 141 172 118 150 46 203 153 41 238 142 120 88 
147 13 183 166 130 215 135 129 133 84 212 94 50 
208 243 225 157 253 266 175 202 71 58 89 28 127 
25 194 181 228 131 269 197 9 129 70 159 201 211 
209 125 275 138 108 51 18 273 257 142 96 50 201 
127 157 72 189 238 215 180 63 224 122 181 208 251 
17 53 232 143 39 1 56 52 70 113 170 29 203 
244 239 98 7 38 120 116 160 272 81 172 18 110 
221 85 143 127 71 79 68 161 220 132 15 122 64 
70 262 85 213 171 38 81 246 138 70 53 240 111 
229 73 19 219 162 270 99 260 257 42 54 226 239 
157 138 54 177 40 104 236 264 164 18 65 156 151 
23 37 16 255 205 167 35 60 271 156 238 17 125 
156 150 80 202 202 219 202 233 276 270 270 49 226 
66 270 87 8 15 249 145 32 156 212 91 6 164 
234 272 135 204 115 215 42 85 255 107 149 66 135 
169 28 50 266 26 111 150 208 100 240 12 202 57 
12 109 18 78 265 115 124 186 133 73 85 4 188 
49 99 57 73 169 221 134 104 170 214 252 87 273 
234 50 83 199 243 196 237 210 11 67 83 13 207 
146 174 57 252 71 273 180 227 20 146 138 159 139 
138 112 90 115 258 102 139 219 129 2 248 86 163 
79 260 86 161 262 165 251 206 254 7 234 114 276 
231 231 228 212 165 107 222 25 34 155 152 249 87 
66 214 152 200 155 264 111 144 75 53 49 225 193 
211 216 168 164 18 217 154 63 56 246 78 19 79 
122 1 197 72 91 19 151 20 56 40 144 30 195 
108 15 52 173 224 228 65 10 217 196 165 229 43 
8 214 172 251 173 37 45 250 83 203 266 116 187 
127 223 166 167 170 118 112 34 29 170 220 209 84 
164 242 156 236 151 40 131 271 131 9 250 105 92 
81 152 227 41 110 215 77 41 223 102 254 252 136 
144 247 267 228 150 64 233 39 28 230 235 213 136 
8 166 30 254 15 78 236 119 58 191 186 167 273 
231 187 262 32 149 143 41 105 70 207 36 183 207 
70 16 104 180 12 192 100 12 61 187 248 141 103 
237 144 204 90 68 176 107 149 162 75 38 185 147 
242 56 169 272 106 166 58 276 238 94 254 210 15 
84 102 210 9 4 200 255 43 262 18 195 54 132 
226 96 254 122 128 22 110 169 114 85 138 132 43 
3 182 231 139 192 144 58 120 259 21 41 121 148 
166 111 195 78 145 170 0 181 24 225 40 109 144 
166 221 130 104 220 89 170 244 258 163 52 132 191 
4 85 94 86 159 45 155 130 191 85 10 90 71 
186 149 136 64 195 266 191 136 76 186 190 23 255 
88 262 177 228 126 133 217 176 149 43 29 83 239 
273 13 206 147 127 111 258 158 204 6 177 85 159 
5 164 230 36 176 241 133 162 248 161 84 267 238 
125 124 157 130 106 96 38 102 178 74 272 221 260 
229 248 170 117 58 211 124 182 276 183 238 247 163 
131 96 219 75 188 221 56 52 20 259 244 78 179 
142 254 237 133 200 215 121 157 46 60 94 166 119 
40 18 133 188 169 217 202 134 148 90 190 236 259 
258 69 25 200 87 121 133 121 18 190 119 176 231 
181 203 199 174 210 85 257 264 122 195 46 21 129 
61 44 94 26 32 120 78 114 217 176 196 119 178 
113 28 151 61 196 211 128 251 104 150 254 84 124 
212 160 0 11 232 109 66 210 61 269 57 258 113 
231 101 32 255 205 190 198 163 251 35 39 41 272 
125 269 70 167 157 13 165 138 274 206 148 203 8 
268 169 168 269 142 129 227 196 146 3 238 134 182 
149 240 9 54 56 38 175 191 265 156 67 154 151 
127 9 188 44 135 221 96 92 25 31 101 29 164 
121 161 95 206 211 67 32 80 168 63 218 96 218 
199 209 161 217 123 193 29 62 72 241 18 239 241 
124 59 247 80 81 42 67 139 113 158 265 198 3 
129 93 51 153 251 248 106 124 96 118 142 33 27 
23 30 120 207 109 252 142 252 118 174 42 85 40 
263 103 262 46 268 189 144 239 272 6 150 131 90 
199 28 251 167 160 262 81 118 146 57 264 254 149 
157 61 52 63 2 19 269 264 46 244 227 50 245 
47 240 188 76 39 112 5 117 0 126 12 67 241 
17 185 94 43 57 61 191 219 69 109 144 127 144 
170 55 158 166 244 250 175 199 28 178 177 221 70 
190 274 62 108 96 189 141 34 158 80 49 272 185 
114 237 106 255 256 134 30 110 126 137 59 174 15 
244 23 28 38 253 119 25 138 167 104 255 161 140 
127 240 34 242 39 266 137 196 204 148 74 52 226 
10 144 5 166 243 172 127 108 232 214 14 272 204 
128 200 171 185 121 210 197 260 150 164 2 119 17 
249 105 54 78 228 57 87 136 9 166 112 99 54 
60 193 42 55 74 44 178 276 197 171 70 247 235 
112 201 70 1 115 10 163 62 11 231 119 72 78 
140 181 149 54 181 248 163 232 207 121 206 59 232 
139 234 99 196 4 57 156 225 31 165 80 51 167 
227 4 200 246 45 141 208 255 24 185 190 150 73 
27 262 125 12 85 238 252 92 83 191 115 5 241 
123 131 147 263 136 206 167 154 59 94 226 138 10 
175 89 10 33 56 100 119 135 118 23 39 48 248 
183 83 155 191 8 69 194 227 143 166 131 89 255 
194 15 99 78 229 236 45 240 130 72 258 191 91 
99 126 80 149 21 51 265 94 7 50 158 56 103 
183 38 75 34 45 190 229 228 254 35 146 241 172 
144 48 130 274 259 101 86 111 43 265 200 166 257 
79 202 183 271 268 171 234 69 141 64 65 200 76 
268 228 192 12 253 58 187 83 108 158 124 16 43 
160 109 157 21 177 249 16 28 231 255 36 187 270 
125 44 61 262 230 134 219 127 186 117 32 164 52 
76 249 107 237 202 159 13 131 32 175 157 25 39 
146 63 38 1 272 156 123 35 121 21 233 219 181 
154 170 160 41 102 120 66 45 82 131 224 107 89 
127 42 255 186 4 61 239 130 100 14 144 65 180 
120 12 31 121 206 262 243 65 204 260 93 147 141 
11 110 241 28 128 35 139 258 198 51 203 35 98 
71 38 50 44 193 112 26 197 202 212 276 232 72 
218 40 98 232 136 79 194 215 269 249 68 45 11 
200 258 41 212 242 64 158 204 134 213 228 141 6 
65 137 121 24 122 24 214 158 90 241 142 202 46 
90 28 68 79 54 43 9 114 205 258 53 171 128 
128 149 32 46 200 244 98 90 46 242 11 270 60 
17 81 144 220 52 193 149 10 224 47 264 10 19 
181 80 229 276 164 133 270 41 108 177 4 234 88 
153 231 225 87 3 134 139 58 42 172 194 219 235 
150 262 50 162 213 71 214 109 8 25 180 4 231 
212 188 251 267 216 113 146 262 20 53 106 218 112 
192 128 245 248 67 259 26 104 125 76 257 145 155 
263 86 136 88 223 156 214 168 13 246 19 162 14 
173 165 200 21 76 38 46 13 115 227 269 243 124 
64 195 197 220 209 276 132 70 267 85 13 254 21 
5 271 99 261 155 168 223 189 51 251 258 116 135 
120 259 252 267 30 210 251 206 159 157 43 21 157 
57 33 122 65 268 241 79 20 270 78 101 248 156 
77 133 40 200 81 202 275 176 181 158 182 243 136 
232 221 259 213 258 135 133 142 231 89 123 82 181 
99 7 110 171 64 146 152 106 89 80 63 175 159 
55 91 147 200 145 61 144 71 99 28 18 239 21 
32 5 46 160 3 207 133 21 112 37 231 194 64 
91 11 221 173 130 262 215 121 243 70 16 87 185 
1 37 148 21 138 109 50 232 168 26 226 248 32 
249 92 243 245 235 276 40 31 178 191 63 136 144 
48 225 270 141 243 275 1 175 194 16 44 36 148 
34 21 149 239 264 191 276 130 95 247 183 155 56 
166 264 135 195 158 0 276 148 125 171 43 118 206 
53 197 84 142 276 137 55 57 132 259 194 195 187 
57 103 52 51 27 253 235 258 70 115 263 85 139 
14 225 258 93 1 11 241 203 29 10 114 220 137 
29 121 201 119 58 232 230 77 43 271 106 230 133 
265 238 186 215 268 61 269 10 104 37 176 24 67 
113 53 17 125 242 185 59 57 120 165 240 257 53 
108 164 120 179 25 102 219 274 24 84 147 77 10 
244 161 45 2 144 3 185 126 50 106 57 25 61 
66 127 146 120 227 219 194 17 10 181 232 230 0 
248 251 108 88 32 74 45 250 205 154 26 274 22 
236 116 215 238 242 119 259 57 4 62 217 198 233 
134 125 86 18 206 114 116 63 47 132 106 39 192 
224 60 60 173 22 190 55 250 1 120 212 239 87 
68 189 109 109 32 128 130 4 183 200 148 114 203 
214 264 188 91 140 208 200 99 188 266 186 201 31 
152 96 221 37 162 202 134 176 244 140 231 24 88 
251 21 239 258 52 222 210 130 121 213 173 224 7 
151 210 11 167 267 140 125 207 224 110 267 153 20 
55 125 99 89 44 178 237 99 124 263 50 45 273 
124 40 200 47 165 190 79 176 34 181 147 254 155 
168 70 87 272 220 204 244 249 250 204 275 155 175 
211 264 70 90 128 143 261 183 60 175 239 169 70 
163 259 82 270 266 122 179 26 159 26 93 235 214 
212 214 220 44 85 164 43 18 53 20 256 177 67 
201 206 42 170 241 65 8 236 132 151 54 105 92 
161 76 244 202 6 205 274 205 246 74 106 222 27 
4 227 43 209 195 78 249 160 210 266 147 190 252 
26 125 63 80 222 207 97 30 270 258 51 233 237 
155 105 130 196 99 89 160 66 256 222 275 201 106 
175 98 37 176 77 218 203 185 55 175 49 257 96 
145 94 238 234 163 168 1 112 23 173 163 135 57 
126 157 198 236 57 269 171 122 80 120 155 227 67 
168 137 47 123 125 138 61 176 220 157 30 56 76 
173 177 167 208 153 271 44 20 222 211 59 253 233 
163 35 256 90 70 26 167 243 246 161 34 255 37 
231 23 14 106 111 226 55 179 16 202 274 43 69 
32 201 83 267 35 11 268 43 93 175 165 69 69 
136 97 107 199 182 63 195 61 118 76 115 266 72 
117 147 84 166 200 269 76 101 10 162 237 44 38 
36 9 62 227 125 247 119 114 22 15 9 32 253 
272 11 53 193 137 231 38 159 17 162 205 259 113 
126 204 211 175 201 11 139 238 139 2 17 251 10 
72 203 8 169 237 116 216 193 272 188 251 7 37 
104 51 166 64 252 54 159 231 61 251 109 64 82 
238 228 164 242 13 244 181 201 33 65 209 182 212 
164 190 100 256 86 35 121 182 223 104 79 257 24 
78 201 114 117 50 268 13 122 118 29 106 240 267 
51 37 118 11 272 36 145 127 51 149 52 76 179 
273 104 238 87 249 48 51 64 236 29 57 93 204 
144 86 45 25 76 272 198 118 179 60 148 164 20 
200 230 246 10 66 21 15 96 224 247 79 107 130 
178 54 238 210 64 195 160 9 196 83 249 20 127 
166 8 194 129 238 252 74 139 186 144 180 68 129 
158 67 84 64 275 62 48 169 39 17 53 274 76 
274 87 41 263 25 53 138 203 206 128 54 260 97 
170 130 0 35 262 134 253 200 38 61 11 37 232 
65 189 196 267 242 243 45 149 22 121 149 59 121 
171 172 68 81 180 140 190 272 50 231 123 254 145 
49 50 42 175 185 165 164 203 111 75 197 164 150 
102 258 70 143 201 118 256 202 266 258 185 223 17 
256 232 85 126 164 276 201 123 48 15 119 161 190 
60 1 88 225 133 235 115 176 212 166 234 117 60 
23 228 95 51 88 111 39 175 264 70 274 120 62 
186 208 139 34 240 147 123 189 114 166 210 123 113 
85 67 205 122 268 143 133 224 5 25 162 113 269 
23 236 113 143 198 80 49 152 115 13 172 170 145 
54 72 208 262 118 270 97 62 248 258 108 148 173 
36 218 112 56 107 218 124 261 216 144 50 181 65 
46 58 121 161 36 137 126 59 167 271 170 205 179 
40 106 107 176 256 150 210 79 173 168 91 270 122 
107 199 2 37 267 90 232 64 51 243 258 143 102 
70 58 224 42 220 245 263 230 121 146 41 263 256 
246 40 182 114 85 136 74 167 64 179 276 122 4 
96 73 158 36 227 184 146 236 264 68 194 235 276 
220 183 264 163 33 106 242 192 123 268 200 102 184 
199 235 230 89 160 34 158 45 238 143 212 137 261 
222 63 272 270 17 42 104 248 178 245 252 15 64 
194 207 208 274 167 89 117 196 39 48 23 268 139 
169 78 196 8 256 127 89 92 238 156 40 233 117 
72 76 198 215 69 92 149 211 252 197 128 5 134 
36 267 52 124 249 81 82 229 70 21 75 114 101 
53 149 153 2 220 73 13 237 26 19 97 141 224 
232 120 233 262 193 110 70 15 8 129 149 170 187 
56 163 221 254 225 62 165 78 217 111 96 230 263 
207 275 196 22 230 188 147 181 167 87 186 71 159 
225 76 202 201 193 187 32 159 238 122 53 175 92 
216 249 161 222 163 104 61 40 234 108 33 100 94 
16 171 70 116 172 95 103 36 165 123 23 12 241 
224 84 118 95 203 39 184 126 161 170 134 185 269 
175 186 193 56 153 184 243 105 146 113 214 262 72 
30 229 276 65 132 145 170 258 97 148 68 212 83 
231 181 152 183 118 105 231 153 206 62 96 196 104 
165 171 126 156 254 248 34 77 191 204 166 30 240 
79 270 17 223 187 114 216 204 97 72 165 225 204 
275 79 243 263 2 170 127 131 133 265 52 253 191 
211 221 181 38 100 208 200 258 159 121 191 139 148 
37 215 176 52 138 29 237 230 50 110 70 272 248 
209 236 189 80 12 61 156 249 114 189 20 222 255 
45 149 21 271 3 92 236 206 77 274 53 213 148 
76 263 199 29 12 26 24 77 150 181 56 142 214 
237 211 76 11 89 12 238 24 215 119 251 195 150 
45 137 118 137 132 33 253 56 139 44 21 232 104 
57 135 87 213 138 85 109 64 200 7 5 48 43 
160 116 110 55 108 77 165 178 56 65 253 167 78 
253 243 252 215 31 5 26 161 78 182 122 20 101 
49 164 195 181 35 252 0 251 151 146 221 131 62 
235 70 197 251 123 230 6 121 11 108 124 201 88 
109 216 15 125 180 164 34 53 207 85 161 167 2 
63 47 189 262 215 128 244 11 192 9 10 188 121 
247 123 109 232 117 178 234 219 152 140 42 273 109 
187 256 54 183 55 159 79 222 90 224 135 20 194 
93 10 140 15 31 212 11 6 193 8 198 53 9 
257 226 171 263 35 253 105 2 0 101 269 51 223 
14 207 115 197 134 191 18 199 266 48 19 208 207 
47 143 145 121 270 13 6 4 181 159 202 166 94 
203 152 85 106 16 90 114 12 51 56 170 49 203 
179 15 182 123 28 50 269 276 256 165 2 249 63 
28 16 177 257 86 26 59 78 96 103 254 26 164 
113 65 242 14 132 234 4 177 224 207 180 216 103 
122 276 208 19 210 141 267 150 22 145 68 269 272 
255 48 189 121 47 172 29 20 109 181 253 29 225 
218 3 179 215 252 232 47 116 215 180 28 35 59 
190 100 128 65 149 210 3 8 254 259 137 179 222 
141 103 113 137 141 269 246 43 202 240 227 236 29 
76 152 54 64 122 216 180 38 31 1 173 203 228 
83 100 236 90 122 10 137 99 102 127 245 111 54 
54 229 276 16 145 142 67 161 237 58 75 118 129 
161 242 146 145 43 195 10 7 81 83 217 222 225 
267 116 90 75 124 211 246 5 151 232 114 140 128 
212 90 152 25 233 67 121 223 88 4 184 119 199 
110 10 180 183 131 146 34 8 221 20 208 33 185 
152 184 172 86 141 95 81 190 176 158 139 198 172 
141 200 257 112 52 118 105 23 204 97 130 3 235 
110 187 263 242 87 172 211 111 12 205 204 27 237 
216 262 58 9 192 54 247 26 118 96 83 115 220 
62 35 207 55 247 193 115 218 181 191 275 147 173 
44 73 94 256 259 58 153 105 79 101 143 171 31 
6 203 63 145 132 42 194 132 171 78 146 73 76 
29 126 272 92 122 130 50 265 129 33 7 136 267 
227 73 189 216 135 226 102 256 110 260 97 207 57 
200 170 138 120 231 160 155 167 208 50 12 138 255 
120 160 85 80 268 247 209 252 197 250 167 125 218 
168 201 38 176 232 211 177 274 158 50 96 125 110 
206 136 155 200 0 225 129 117 133 103 9 253 11 
112 88 226 55 147 271 247 170 29 208 163 51 193 
252 146 163 11 157 99 46 249 78 167 43 72 240 
15 28 1 172 64 184 152 44 71 75 111 144 201 
98 81 269 231 25 107 22 168 62 246 145 79 269 
2 228 116 215 223 100 166 55 8 42 54 1 109 
190 208 39 205 219 253 249 65 242 78 249 163 136 
54 112 139 190 136 156 190 250 154 22 86 63 33 
159 70 62 76 104 172 272 165 55 157 20 83 145 
259 135 249 15 247 145 251 145 155 121 14 26 86 
73 201 17 19 230 207 125 131 138 32 140 203 123 
136 162 168 164 26 33 113 183 114 254 5 75 270 
224 240 162 141 33 220 87 153 144 94 253 119 159 
144 23 117 236 267 256 112 135 114 10 176 31 190 
87 121 273 205 144 102 108 122 205 89 19 247 149 
32 39 240 249 198 32 132 210 148 66 58 44 101 
156 86 195 161 140 275 45 147 168 83 229 220 192 
39 169 10 8 179 271 230 112 113 230 86 245 247 
118 55 216 200 130 8 256 41 214 62 111 26 108 
155 160 172 168 269 153 4 230 157 250 143 37 77 
143 214 136 265 171 76 185 24 257 238 105 182 162 
208 275 101 21 70 109 260 74 66 8 118 104 132 
174 133 114 191 92 0 275 19 15 216 148 194 111 
212 185 119 225 11 72 61 165 42 23 61 101 7 
4 210 255 199 119 266 242 95 110 161 141 104 253 
261 237 51 94 172 19 176 145 163 271 33 203 197 
63 31 129 179 63 274 146 270 221 109 35 228 130 
94 37 106 130 229 269 220 206 85 207 70 227 85 
85 248 44 207 211 39 216 133 236 202 59 86 239 
260 258 74 229 165 75 49 144 69 207 183 16 249 
68 53 41 86 112 188 180 146 109 139 118 39 103 
256 47 247 244 27 18 119 117 139 182 105 109 118 
6 174 261 49 259 142 142 105 121 217 107 75 155 
159 110 9 86 136 59 238 37 136 90 2 86 259 
194 257 116 269 155 187 237 66 260 97 130 215 133 
115 98 41 218 254 221 41 22 120 232 147 39 23 
26 80 137 152 10 58 180 267 53 235 3 65 206 
251 126 221 153 23 201 19 134 64 150 267 139 217 
190 13 162 266 206 59 42 198 237 264 115 154 186 
3 81 210 205 146 17 186 63 123 165 226 57 67 
13 107 170 253 229 206 271 32 232 235 30 241 239 
126 13 34 269 253 15 93 276 226 115 225 25 129 
106 151 114 23 271 146 208 270 76 70 231 131 224 
137 47 136 149 48 90 163 28 142 243 200 263 215 
70 231 155 131 222 219 266 196 107 3 245 184 50 
204 240 16 190 128 208 249 139 91 160 27 199 230 
257 188 87 91 132 103 28 219 38 192 232 60 152 
118 162 223 27 130 116 33 44 100 2 197 94 243 
43 188 128 248 273 65 161 253 243 220 143 99 59 
116 241 234 186 150 258 198 255 127 95 237 219 141 
5 155 234 37 235 182 243 146 219 156 40 35 83 
169 211 246 231 79 114 138 45 76 13 172 270 29 
102 18 3 72 31 252 231 161 84 166 250 205 227 
59 33 120 114 6 141 199 152 253 153 103 39 160 
210 146 58 108 100 115 221 224 48 179 232 181 28 
142 171 148 115 71 159 127 260 104 244 85 250 266 
82 203 78 276 202 42 76 79 190 44 27 15 156 
67 248 187 92 199 145 101 250 187 222 147 128 227 
55 178 101 191 269 126 164 158 265 28 230 195 176 
118 89 260 231 25 126 264 61 233 211 206 260 82 
99 230 235 52 201 132 144 55 17 274 261 40 198 
182 243 243 225 67 248 90 274 174 34 29 106 151 
209 69 173 172 111 120 239 274 114 89 59 164 193 
224 209 31 90 66 39 194 204 112 247 235 28 250 
69 178 98 156 228 249 135 224 130 109 181 146 237 
173 27 96 93 273 223 269 35 200 14 221 33 199 
186 94 159 146 232 168 255 268 143 190 54 266 66 
60 97 49 196 99 12 56 73 143 0 222 168 1 
201 227 97 25 243 11 262 265 4 66 203 77 260 
172 245 198 150 28 164 3 60 208 149 39 156 150 
147 88 228 237 201 191 201 140 207 220 122 167 143 
61 186 149 198 77 192 140 236 229 37 77 2 82 
224 142 129 148 72 99 270 112 254 264 120 34 7 
114 125 259 165 3 159 234 273 245 20 167 89 214 
143 224 35 148 64 186 171 128 159 121 77 261 75 
123 201 242 1 169 124 112 61 261 192 96 263 215 
28 204 205 40 140 209 132 131 219 157 87 267 186 
26 11 259 58 148 212 173 210 258 41 238 136 200 
158 132 216 40 242 91 53 229 229 172 245 49 185 
72 273 259 43 271 210 238 126 178 126 106 1 258 
211 219 199 130 140 184 51 269 38 88 148 162 180 
1 44 93 230 191 154 183 158 91 149 87 268 171 
211 74 61 253 67 180 10 109 187 222 122 41 164 
185 22 42 43 130 50 256 54 200 122 141 99 190 
264 123 41 227 116 143 217 72 67 258 145 226 14 
11 117 7 2 123 65 189 35 264 10 132 209 207 
59 36 111 43 257 220 219 154 23 134 170 76 2 
226 221 99 121 218 144 116 147 259 32 35 64 239 
129 254 265 20 130 187 60 71 21 10 275 42 79 
31 241 146 223 79 144 9 71 78 237 124 51 224 
120 208 247 11 142 211 219 87 274 245 48 207 128 
160 17 132 159 99 182 177 247 85 268 37 153 190 
188 219 92 217 144 151 255 247 263 98 85 218 143 
176 136 108 23 201 262 248 166 249 62 165 14 163 
242 68 174 262 101 16 137 43 35 194 125 146 61 
127 196 113 160 85 120 135 224 6 230 51 148 276 
81 156 148 195 120 157 22 86 268 140 152 56 230 
152 81 160 153 257 171 67 28 125 51 229 163 173 
252 85 113 196 27 16 92 246 82 15 31 26 125 
259 83 125 153 111 29 58 53 138 181 233 67 30 
263 248 260 158 195 144 29 240 159 199 141 43 99 
164 71 88 116 267 7 7 200 40 214 133 31 232 
248 153 221 267 193 33 159 140 228 157 1 59 176 
130 139 132 18 104 26 178 31 247 214 134 140 262 
105 93 177 77 85 174 50 220 32 111 250 133 40 
128 215 225 135 232 29 254 176 126 208 226 274 211 
253 186 41 169 119 216 92 136 274 46 268 220 34 
18 13 70 235 119 189 233 263 61 44 82 255 124 
94 70 23 142 200 102 171 103 104 6 18 171 2 
103 228 104 126 213 224 65 40 46 267 263 84 238 
21 154 135 262 147 235 23 268 83 170 155 91 176 
38 245 227 217 76 182 126 225 177 238 11 198 146 
201 264 109 219 12 161 159 121 183 136 152 222 113 
136 20 250 205 193 161 12 169 116 191 91 191 96 
137 141 65 60 169 229 159 174 105 219 104 266 7 
211 214 51 144 266 59 208 20 53 228 249 266 31 
230 107 45 204 95 49 248 34 20 55 171 219 150 
179 224 163 222 130 60 82 96 79 238 60 109 4 
114 248 155 94 226 160 25 84 96 201 44 228 9 
184 172 275 114 131 64 249 169 207 155 64 216 218 
42 179 144 64 268 55 140 208 145 157 157 173 260 
4 54 221 77 230 184 144 255 159 131 121 146 255 
110 81 138 150 72 127 250 205 237 62 202 90 33 
223 128 269 150 58 214 124 86 148 31 108 143 44 
262 106 215 162 33 197 271 56 216 273 230 167 33 
159 267 217 90 210 67 78 265 255 234 105 33 27 
95 215 12 230 100 10 146 12 264 248 184 242 58 
116 162 129 130 84 33 72 276 63 174 199 219 198 
259 183 54 270 83 237 108 230 167 65 186 27 199 
180 33 81 190 232 229 229 205 145 269 207 72 194 
201 184 134 3 16 42 136 11 239 69 246 176 1 
108 98 147 247 171 86 76 53 276 263 86 199 99 
63 108 212 230 151 158 108 102 161 194 164 91 178 
265 103 22 42 229 275 191 180 27 220 32 243 266 
240 119 198 126 169 151 123 262 113 26 13 125 217 
10 190 91 255 211 6 65 152 255 58 158 115 130 
67 161 78 170 165 193 269 95 139 203 266 216 227 
246 59 13 262 54 161 201 153 137 256 227 6 169 
189 117 127 93 22 153 34 172 126 15 134 255 2 
40 28 168 163 70 140 153 173 255 8 62 51 138 
252 212 234 111 33 148 131 79 272 19 15 217 90 
75 216 208 29 50 143 27 31 248 177 276 13 143 
266 164 165 69 274 248 56 96 213 141 167 96 19 
227 16 181 92 19 169 194 266 150 6 244 238 7 
255 164 204 237 176 104 121 34 263 251 264 246 258 
150 83 141 41 255 78 47 187 26 7 193 94 236 
14 250 7 148 81 158 131 18 128 79 35 120 230 
226 187 246 47 85 46 237 81 90 248 7 42 73 
114 11 230 181 179 35 25 83 135 126 253 72 69 
44 8 171 59 82 192 239 114 254 137 23 108 128 
129 146 129 169 180 115 183 78 172 108 127 103 137 
264 4 134 244 143 250 100 200 55 6 43 132 171 
40 12 54 253 150 88 9 20 155 52 170 261 224 
154 41 193 84 164 26 129 64 181 70 7 158 104 
42 51 55 216 261 222 182 211 199 132 164 224 129 
1 70 269 211 37 28 186 232 265 228 18 58 201 
159 103 166 107 255 221 173 270 171 87 65 185 112 
118 196 267 240 71 10 128 61 33 39 59 186 228 
132 188 213 44 213 141 27 189 260 109 94 90 167 
220 148 29 39 133 98 35 164 261 253 171 240 253 
221 137 137 55 141 11 30 153 8 66 211 79 246 
109 163 217 46 119 192 120 255 226 2 243 60 138 
225 262 225 125 165 35 28 271 83 85 59 34 79 
177 15 226 262 79 169 19 144 217 61 153 187 142 
22 252 108 41 150 143 10 200 40 219 131 153 145 
185 176 208 14 237 238 122 74 24 194 14 112 209 
79 194 58 231 96 242 68 107 90 175 149 166 13 
14 264 267 112 107 56 137 196 110 268 128 175 136 
24 75 82 258 41 208 119 235 206 219 186 258 43 
243 65 148 92 25 158 214 100 166 23 183 244 123 
44 165 55 132 14 248 263 21 83 271 249 15 262 
273 175 153 205 237 200 204 4 201 226 37 74 41 
182 216 271 112 129 168 178 110 180 252 166 240 180 
29 66 165 170 130 186 247 272 124 148 40 139 208 
151 60 74 37 137 90 111 138 132 162 50 127 188 
124 151 252 61 189 27 212 36 73 211 60 29 170 
188 257 137 80 191 42 41 109 263 20 113 213 169 
138 84 131 75 199 163 135 110 248 241 222 171 190 
186 178 240 64 124 115 257 53 116 9 244 154 92 
116 39 115 190 232 237 158 162 26 7 105 192 92 
215 140 9 189 80 136 121 71 80 136 34 97 69 
29 174 162 176 214 209 153 144 217 123 263 63 86 
164 60 137 225 144 32 127 230 267 177 80 76 55 
154 247 235 133 178 253 260 140 139 2 114 222 70 
225 121 69 34 99 268 73 212 227 148 0 241 1 
118 134 198 180 216 114 201 47 100 140 73 271 247 
127 18 56 270 121 243 187 163 275 46 195 88 33 
41 76 236 159 165 42 123 5 78 163 95 182 195 
150 167 156 167 174 98 5 235 113 161 60 247 268 
65 148 252 15 130 41 228 87 68 142 165 53 260 
115 215 43 149 73 148 17 157 86 197 242 85 202 
202 166 224 51 203 209 123 150 158 268 42 214 159 
42 80 209 156 25 65 126 74 73 103 138 262 243 
138 157 261 67 62 45 15 141 260 215 125 170 207 
1 1 104 252 94 125 160 263 23 133 193 94 56 
99 192 259 116 15 154 149 41 61 256 253 216 275 
276 124 36 189 41 54 132 190 31 125 212 176 91 
48 194 130 185 268 4 8 48 80 169 101 150 209 
205 106 116 19 54 255 258 172 187 83 72 115 7 
92 91 116 137 31 107 44 248 233 182 231 248 261 
241 76 49 170 252 96 83 74 199 102 21 97 264 
81 70 60 246 68 222 142 48 185 22 230 157 217 
111 89 170 151 8 170 234 139 92 133 194 187 241 
66 154 208 174 223 269 268 141 12 76 49 229 225 
187 80 252 267 169 148 127 16 219 127 117 24 45 
68 1 58 268 194 88 271 91 108 93 260 201 70 
181 78 121 25 267 48 29 60 174 81 255 33 172 
276 61 213 0 217 227 199 133 3 52 109 11 185 
83 201 98 108 235 155 61 8 169 172 166 201 236 
198 63 268 68 152 67 207 177 218 274 161 24 30 
112 117 166 228 201 7 64 166 115 16 16 236 136 
126 27 227 63 128 255 15 125 115 62 195 234 84 
193 203 263 207 64 225 105 212 103 97 187 139 173 
201 255 132 172 11 241 105 51 273 86 24 255 125 
117 263 213 219 123 231 221 68 203 183 158 225 26 
161 69 245 6 254 101 68 44 139 9 26 243 20 
190 182 211 258 110 78 96 250 147 145 195 111 104 
166 180 74 101 64 176 9 201 242 139 106 152 229 
100 95 133 35 191 258 4 219 231 108 230 165 237 
82 52 210 223 159 43 96 154 237 179 27 100 40 
84 32 216 118 36 189 38 268 51 28 216 24 199 
39 97 251 101 250 180 51 264 206 5 17 47 169 
135 58 28 105 149 12 244 244 126 4 23 245 111 
234 250 10 212 62 173 123 33 238 96 243 139 45 
186 57 208 69 26 247 230 184 147 229 178 193 59 
200 166 154 273 178 185 44 74 183 208 91 154 44 
175 37 148 182 232 184 229 68 169 63 12 164 195 
4 88 90 266 47 69 153 268 242 18 267 106 147 
261 1 150 237 257 258 154 218 210 110 16 92 114 
195 216 19 183 22 97 102 168 204 52 275 220 276 
38 180 113 272 176 207 205 191 123 192 275 155 211 
200 192 131 14 94 33 15 98 262 50 72 243 31 
196 69 225 226 110 135 167 234 112 122 51 56 196 
86 153 53 233 116 148 181 101 94 192 153 257 68 
27 189 15 9 237 260 125 248 104 49 132 175 28 
247 100 237 61 156 244 36 90 82 186 37 31 226 
229 198 181 207 272 21 242 259 106 183 125 261 195 
115 261 61 47 222 148 276 184 138 134 171 57 135 
159 22 38 191 122 47 224 255 63 58 45 110 270 
28 131 86 233 52 200 65 216 129 262 272 128 218 
21 15 207 97 115 52 105 161 75 153 123 33 47 
127 20 154 121 252 170 32 28 164 55 119 185 158 
65 217 140 202 4 275 138 77 84 80 40 166 251 
3 90 66 36 116 226 126 107 172 100 33 170 210 
137 238 4 18 170 16 125 135 55 61 107 0 148 
39 97 107 121 134 43 207 119 185 150 223 122 101 
241 84 103 229 209 73 7 265 28 143 228 208 198 
210 60 131 233 199 72 229 70 138 18 14 74 61 
7 146 119 134 194 135 248 63 40 63 123 20 4 
178 139 132 224 27 173 251 153 85 7 250 168 44 
84 152 66 70 156 19 6 234 269 221 5 18 11 
66 135 145 48 64 119 163 125 266 226 93 146 226 
38 176 15 179 104 272 92 208 96 119 155 84 84 
147 7 104 180 62 270 140 205 41 72 249 231 97 
247 263 261 137 64 152 107 2 236 115 45 226 224 
254 28 68 25 178 224 47 76 7 267 241 18 184 
193 112 233 228 25 19 222 125 90 185 247 9 224 
159 144 91 79 189 111 202 175 24 208 85 72 146 
189 97 162 49 252 4 58 40 274 193 48 8 20 
41 193 55 178 47 120 49 8 134 192 53 102 272 
41 198 88 51 10 247 265 241 239 93 149 175 273 
60 179 165 90 226 61 170 119 10 141 67 91 6 
78 106 261 32 86 18 68 163 155 77 245 74 1 
214 18 254 26 14 41 236 9 244 90 168 195 200 
61 268 169 16 178 145 268 38 114 205 108 262 4 
179 215 69 142 254 19 129 103 98 88 173 165 18 
122 272 0 155 189 79 249 26 41 182 118 177 7 
104 211 261 110 167 73 223 91 97 113 242 181 136 
113 33 118 244 147 67 185 238 274 261 251 195 27 
255 274 197 6 13 216 117 68 161 122 252 217 216 
52 87 205 38 261 219 35 207 148 20 205 213 256 
3 53 225 208 18 7 154 176 132 144 225 265 186 
56 15 93 76 260 41 63 43 97 8 255 53 262 
201 111 161 139 271 212 208 197 233 228 58 89 240 
80 185 179 22 1 154 141 77 188 185 233 250 213 
200 203 35 121 47 104 276 19 165 110 115 133 258 
126 187 245 116 207 254 200 107 52 209 97 144 16 
227 3 115 9 91 256 203 144 142 84 190 120 36 
79 227 92 15 252 105 35 227 46 6 213 116 99 
139 265 274 152 173 42 249 208 40 111 156 104 229 
31 220 8 14 222 266 126 206 88 123 62 29 241 
35 111 18 118 109 214 23 255 85 31 102 260 99 
44 53 121 10 202 9 154 57 57 108 132 160 187 
85 249 204 120 66 39 97 242 150 54 267 52 237 
275 76 191 221 3 219 180 6 229 35 255 112 65 
152 111 228 170 248 215 218 91 270 215 210 153 165 
119 226 15 143 21 131 106 213 23 272 218 222 180 
208 205 172 26 44 179 151 143 240 202 230 145 236 
71 130 13 169 107 243 274 187 148 72 203 171 208 
156 146 173 201 183 252 248 213 127 139 197 138 54 
42 138 106 197 153 78 150 218 164 208 81 245 183 
34 202 217 255 125 209 39 149 179 78 67 245 190 
122 74 146 160 155 140 40 209 17 130 270 106 99 
167 146 217 162 149 157 167 227 104 219 158 88 198 
100 195 32 129 108 137 214 204 152 95 225 135 197 
190 251 161 53 70 269 190 27 166 126 112 143 90 
30 216 41 19 241 46 267 13 54 106 124 42 30 
115 273 239 108 173 159 72 13 207 59 189 238 251 
232 269 195 208 227 259 153 109 172 172 193 164 134 
174 191 98 61 85 217 88 55 173 100 263 236 48 
122 49 271 122 55 178 13 81 210 128 106 215 208 
146 199 254 195 0 172 268 276 194 204 210 193 37 
112 185 69 4 28 136 188 131 112 99 247 66 128 
5 217 3 3 143 195 259 19 102 207 83 268 125 
128 165 261 270 153 116 196 198 260 18 251 19 102 
161 9 268 128 19 271 51 217 24 137 29 89 53 
83 42 223 109 126 169 255 168 261 90 30 33 205 
256 232 10 64 243 6 229 198 12 224 58 54 162 
175 242 242 207 105 146 162 84 196 7 123 31 64 
154 240 82 258 128 174 160 152 262 254 2 71 133 
156 85 94 141 57 218 74 129 112 207 186 64 198 
77 145 227 72 154 135 28 41 140 122 10 249 191 
100 275 215 123 127 165 151 79 153 64 6 116 118 
33 40 156 89 205 123 89 151 127 156 242 193 1 
173 113 105 168 180 138 64 38 211 237 166 243 268 
81 131 231 91 156 255 188 228 83 45 204 93 112 
119 228 150 171 130 111 75 204 56 268 91 187 184 
42 101 223 269 163 111 67 5 87 69 90 228 111 
184 150 8 153 216 219 270 144 214 213 44 9 54 
212 134 215 131 50 201 41 180 250 220 76 125 45 
163 164 206 202 229 161 125 99 178 151 186 225 20 
239 229 247 59 191 103 101 105 266 272 185 145 46 
19 273 149 92 246 19 38 112 242 133 184 147 180 
252 94 208 137 139 123 162 38 260 100 111 94 17 
202 39 265 209 54 92 6 209 276 109 90 99 229 
162 153 39 255 225 92 20 234 143 256 59 212 251 
30 27 276 218 217 154 48 1 90 98 196 193 30 
6 127 127 55 22 30 20 88 70 22 268 48 246 
159 250 111 141 100 33 126 69 251 149 11 274 129 
114 96 68 62 235 55 235 162 222 221 73 106 271 
221 231 19 256 24 130 259 105 128 100 135 227 84 
22 118 37 228 199 235 193 266 176 79 26 11 185 
101 185 262 224 229 39 240 18 207 261 172 146 153 
244 11 136 23 13 58 136 180 89 30 173 253 22 
63 268 254 187 98 84 68 140 116 103 106 158 274 
184 59 15 145 257 13 240 22 112 0 154 49 261 
95 91 262 153 48 111 138 73 227 4 69 51 70 
2 94 185 104 48 54 274 48 262 174 64 131 211 
271 107 62 235 121 45 274 28 24 76 15 214 59 
131 235 188 61 215 2 107 41 115 88 68 21 223 
42 12 58 101 181 120 47 28 95 30 35 141 165 
170 134 241 81 51 226 161 245 44 124 273 222 235 
130 95 222 1 181 227 199 93 78 179 71 142 116 
254 9 82 21 109 237 202 205 202 66 50 111 80 
57 92 86 35 244 74 250 225 195 118 136 175 29 
36 142 46 87 120 13 236 215 161 140 72 68 6 
252 61 255 3 7 52 107 198 45 116 63 196 153 
128 263 64 268 125 148 161 80 61 196 98 14 272 
5 11 46 218 189 23 87 134 241 242 91 218 142 
174 274 260 29 104 202 275 156 144 265 103 9 188 
125 276 183 63 222 240 237 205 30 65 256 169 109 
141 49 190 35 144 198 93 99 150 268 92 106 134 
250 106 245 68 244 153 159 95 51 229 3 23 155 
45 233 25 160 246 196 73 269 232 11 48 234 40 
136 205 118 9 147 154 65 198 119 68 245 193 66 
217 24 16 194 123 104 212 118 35 17 66 84 258 
160 195 192 201 179 125 58 187 178 265 177 198 87 
212 66 234 32 226 41 2 262 261 150 68 248 228 
215 264 49 258 219 257 274 143 137 110 90 63 82 
202 29 12 2 107 154 205 165 104 119 186 140 269 
205 163 255 212 44 86 49 150 165 94 167 244 45 
78 91 67 203 10 4 265 170 192 249 258 206 180 
24 178 243 83 242 168 264 109 198 234 141 12 119 
97 1 233 33 61 2 43 164 256 230 225 78 68 
56 275 139 105 240 252 54 8 215 97 267 111 6 
218 92 238 183 192 43 78 1 145 23 44 82 124 
34 58 266 98 29 110 21 239 111 80 95 12 204 
158 190 213 245 77 257 168 209 238 153 139 88 255 
10 256 249 180 121 84 14 181 226 45 208 76 17 
210 199 225 258 6 119 151 5 196 157 53 186 101 
130 50 80 211 74 213 182 150 160 236 3 67 69 
62 111 78 155 19 224 60 15 253 132 141 269 274 
143 215 92 131 21 275 269 219 233 148 80 126 183 
100 233 36 97 122 237 31 1 146 271 135 99 69 
15 153 210 155 230 174 173 188 61 7 62 145 275 
238 28 268 83 150 157 127 273 264 191 80 205 132 
88 46 258 157 101 38 20 253 137 28 158 183 38 
156 239 267 211 262 17 116 185 60 224 186 213 194 
139 92 249 185 145 68 220 138 1 262 226 23 38 
130 235 172 5 262 31 174 37 14 227 43 256 128 
78 195 122 171 152 32 40 90 242 144 163 182 274 
82 232 218 64 274 43 59 94 88 48 67 29 25 
214 74 76 28 86 144 231 144 9 225 195 261 31 
252 34 214 31 83 112 243 67 78 184 118 252 265 
174 120 42 235 40 126 170 202 123 178 133 28 98 
109 201 142 224 234 42 224 40 241 155 169 192 138 
199 48 8 275 131 80 91 156 120 4 223 167 115 
1 237 205 239 132 238 79 4 236 187 101 49 231 
60 8 220 167 18 189 251 112 200 242 147 150 91 
29 167 96 257 213 25 53 91 150 35 16 145 3 
79 40 223 147 118 21 104 210 136 162 264 117 189 
144 206 127 143 104 213 63 16 136 254 186 166 5 
219 126 244 19 68 234 132 33 222 229 264 196 98 
48 270 238 141 193 106 118 78 70 123 107 100 36 
57 192 200 146 155 235 164 75 257 155 256 94 46 
141 52 210 165 124 99 75 239 90 241 103 242 260 
191 165 227 43 188 149 156 210 99 229 199 39 92 
134 84 161 169 188 139 243 186 95 259 140 145 181 
144 95 177 140 185 172 38 43 267 217 186 247 247 
252 223 106 184 123 276 271 89 169 268 212 249 20 
186 72 158 144 226 169 238 60 211 157 82 77 180 
91 127 88 151 136 11 151 33 248 17 215 114 64 
262 206 264 141 191 51 182 74 53 202 257 138 68 
59 155 61 12 151 209 274 40 96 236 173 117 251 
58 141 133 114 192 103 124 75 124 37 89 214 271 
133 74 175 86 6 193 9 54 98 270 99 64 136 
43 58 192 235 112 17 104 73 142 77 190 84 169 
56 144 35 225 236 170 75 89 133 182 14 112 257 
8 88 90 182 126 73 191 57 245 234 50 226 111 
150 150 254 195 218 221 58 137 159 90 75 26 171 
256 31 197 257 273 101 44 40 117 184 4 246 124 
183 253 119 242 239 209 194 60 226 158 82 97 260 
223 4 231 31 137 2 265 211 199 263 240 268 197 
215 118 68 235 95 204 126 206 207 135 94 236 28 
125 53 134 41 77 95 58 197 125 98 81 91 14 
265 94 275 153 172 105 74 6 117 11 58 261 229 
223 160 181 161 58 174 231 26 92 181 273 232 223 
228 209 224 171 123 77 137 184 234 259 183 23 64 
92 96 108 229 100 165 256 259 22 212 15 114 19 
157 248 90 131 206 227 169 155 35 213 21 276 48 
209 69 90 252 234 156 270 218 210 26 11 87 253 
195 64 190 12 72 210 67 179 221 43 233 117 183 
159 88 215 105 182 53 112 78 12 110 141 259 58 
139 198 3 8 62 134 53 245 32 121 268 211 53 
221 270 113 249 173 129 9 258 73 220 52 27 242 
147 80 28 238 86 65 234 96 112 205 120 149 104 
150 20 225 61 237 163 76 115 197 47 95 34 75 
251 26 158 226 175 77 39 44 177 203 110 264 14 
172 273 210 234 224 184 272 192 38 219 162 241 221 
141 213 147 212 226 260 203 113 232 121 152 62 117 
54 122 140 53 100 232 167 13 38 269 270 128 28 
216 97 138 168 131 259 249 25 6 131 246 118 247 
73 210 0 193 53 203 82 46 139 74 179 186 205 
190 149 80 243 147 243 80 133 273 269 126 94 271 
223 214 83 272 256 93 236 198 185 170 270 146 261 
226 257 197 175 31 69 62 5 156 205 208 219 262 
220 246 17 241 173 42 244 252 276 122 22 13 259 
33 178 211 45 142 236 246 263 28 224 142 10 29 
195 81 229 193 117 100 123 130 176 194 18 250 87 
125 101 205 251 149 202 34 192 12 189 172 257 137 
276 77 79 32 254 91 147 34 79 43 29 274 5 
139 192 61 21 218 150 72 81 271 137 6 131 174 
101 23 69 76 118 43 116 66 270 57 255 204 156 
235 266 201 99 160 226 252 7 20 134 146 268 255 
273 261 198 157 233 212 29 161 181 127 144 120 229 
195 158 264 246 2 123 235 261 221 273 168 217 221 
122 120 117 264 24 6 191 66 115 152 238 234 164 
193 105 76 253 5 237 144 35 158 154 108 259 192 
69 195 232 74 182 84 201 133 5 106 229 208 33 
77 165 146 71 77 276 137 63 229 205 45 149 103 
271 111 13 235 47 141 236 247 42 257 6 87 155 
250 240 119 78 221 90 211 77 53 240 63 74 271 
122 114 168 38 110 8 77 93 97 85 33 98 254 
98 111 67 120 87 70 36 153 70 92 240 128 254 
75 64 121 205 29 127 202 38 75 52 128 197 50 
224 106 187 189 51 225 198 167 73 218 38 179 147 
251 38 149 258 164 169 35 178 64 98 91 52 192 
8 232 15 20 226 243 87 166 80 24 252 70 189 
275 145 92 61 195 9 220 207 27 223 246 97 59 
195 1 57 183 136 22 121 170 35 128 142 114 109 
61 148 66 11 186 42 171 193 167 72 245 226 262 
210 106 99 9 94 29 230 168 50 75 260 138 124 
94 42 95 18 244 97 127 3 165 4 83 132 75 
42 166 124 198 128 255 16 96 81 147 244 57 209 
30 89 159 83 246 69 106 148 171 66 134 269 265 
74 237 226 84 48 39 87 81 76 41 196 76 151 
246 221 231 15 276 148 123 75 260 239 189 83 143 
59 34 228 160 182 31 211 66 197 225 183 0 87 
157 110 83 2 221 218 137 165 161 38 252 37 41 
71 124 134 230 110 145 78 52 247 171 51 196 37 
266 247 195 168 204 154 35 130 146 178 177 225 5 
260 7 13 78 22 101 151 83 94 60 108 218 17 
223 18 93 178 137 25 189 75 209 237 41 253 87 
41 227 211 179 191 31 26 82 13 125 18 148 56 
161 97 212 123 12 261 207 136 37 243 198 181 71 
242 242 96 172 163 134 230 159 228 162 134 128 8 
161 257 18 172 113 5 178 194 110 19 68 104 163 
274 95 121 275 250 205 96 186 260 153 120 221 45 
190 190 124 256 113 255 259 249 166 217 112 19 93 
212 38 118 107 77 39 36 90 116 164 59 206 209 
139 159 10 5 181 233 210 257 6 275 165 184 213 
146 104 155 190 246 122 80 94 220 268 248 274 104 
270 21 87 202 225 0 11 224 165 140 220 270 72 
248 131 249 169 97 62 2 147 72 82 96 275 173 
124 187 68 143 217 11 163 166 123 31 133 169 231 
164 275 197 228 22 147 136 253 18 181 239 210 4 
209 15 121 114 9 243 99 33 266 253 67 191 255 
231 2 219 193 257 257 225 90 229 190 192 194 267 
40 162 198 270 8 12 232 32 185 215 60 227 4 
66 226 32 60 249 181 86 197 21 41 5 145 263 
49 38 93 23 235 163 64 179 1 2 235 33 103 
102 253 36 107 19 182 92 244 74 170 223 152 3 
130 83 15 166 31 218 48 66 129 249 81 121 105 
81 44 98 139 112 145 198 257 57 97 228 243 142 
79 142 94 105 234 231 185 33 1 12 141 98 116 
266 258 24 29 264 177 63 28 231 105 82 127 245 
201 40 90 26 50 244 227 171 119 107 238 264 205 
6 218 221 65 258 210 114 119 212 22 40 1 12 
40 142 1 8 100 37 193 85 264 207 220 81 264 
203 247 193 253 96 60 227 176 71 100 202 47 178 
148 260 263 47 95 211 206 261 210 60 140 136 233 
239 234 33 181 58 175 193 266 193 148 168 79 215 
32 95 118 4 129 209 78 220 192 79 233 28 235 
95 6 219 95 130 243 83 208 39 261 219 242 266 
226 181 221 175 57 253 140 94 198 231 147 50 18 
194 24 26 137 255 214 261 6 259 49 90 270 272 
127 29 133 144 160 156 204 264 17 6 230 155 194 
199 264 208 53 233 97 236 206 158 139 140 55 36 
26 227 163 162 251 223 238 140 133 174 248 32 90 
151 210 246 175 52 159 163 240 197 74 111 266 28 
84 169 125 255 64 118 221 204 269 256 135 251 8 
198 60 174 156 248 245 121 236 72 272 266 100 37 
229 276 61 246 99 86 156 162 160 43 112 56 27 
205 32 112 275 153 255 120 228 90 195 260 40 189 
131 270 187 183 188 42 39 172 47 146 96 178 33 
220 126 194 141 80 172 3 175 25 168 121 120 185 
179 45 196 216 228 56 243 20 70 243 124 119 275 
51 119 207 163 221 30 67 25 57 207 228 197 86 
27 157 172 105 141 91 17 230 187 135 101 167 193 
111 252 144 54 273 249 117 180 183 192 226 272 171 
164 71 33 5 154 132 14 60 190 191 45 266 237 
227 157 65 118 38 224 137 13 251 205 170 249 160 
62 203 91 259 253 146 37 265 142 225 252 235 83 
257 263 275 108 67 47 113 233 211 36 272 21 188 
181 152 138 90 125 208 76 92 70 153 46 126 261 
68 103 129 58 275 30 137 273 215 205 208 191 222 
255 62 149 49 206 202 93 49 11 45 205 190 70 
130 72 33 214 210 230 102 253 13 103 140 127 212 
150 52 73 59 17 220 93 213 50 20 141 274 129 
239 108 67 63 36 35 126 5 195 61 250 164 42 
28 167 8 27 4 83 74 85 147 150 275 34 55 
17 26 125 117 16 121 122 160 66 140 276 273 18 
4 2 93 36 10 9 61 211 137 253 245 206 243 
75 128 138 88 232 7 102 254 75 206 42 131 244 
264 212 219 140 115 35 270 22 61 2 61 250 141 
184 100 263 146 56 256 210 134 211 32 34 40 83 
49 95 123 43 259 55 176 159 158 131 14 29 3 
37 219 99 224 169 214 124 149 191 174 184 91 244 
124 152 202 35 28 64 176 17 92 119 100 201 31 
10 5 107 263 102 258 234 107 45 199 107 36 226 
158 64 58 168 69 38 245 235 179 155 165 17 78 
99 239 131 18 139 211 140 62 58 101 153 151 80 
116 86 115 175 230 90 105 110 268 79 107 64 167 
111 220 122 75 139 106 17 167 78 248 187 232 111 
215 223 11 190 44 16 228 198 108 234 23 177 253 
41 238 249 176 153 223 31 122 244 113 150 251 55 
134 235 263 259 248 242 273 138 223 240 0 18 37 
40 78 158 192 33 220 63 73 69 89 214 208 74 
149 244 47 257 0 60 28 70 125 118 8 139 176 
105 199 134 141 158 87 10 27 191 96 226 27 175 
55 260 91 236 93 153 195 165 175 225 99 34 26 
230 28 13 226 241 48 76 61 25 66 5 159 46 
37 57 260 34 233 131 215 169 261 38 249 120 98 
72 73 249 172 116 190 163 147 127 9 27 145 104 
191 250 215 218 112 75 214 137 63 184 236 67 163 
151 125 121 3 155 246 115 225 7 159 59 266 138 
142 175 188 10 224 150 269 34 260 152 215 12 78 
158 218 24 25 102 181 50 57 113 257 84 132 143 
165 155 102 67 41 176 18 180 19 211 43 52 251 
212 213 74 269 253 45 149 64 16 78 17 78 107 
123 157 233 194 101 199 142 121 79 21 167 17 242 
210 269 230 86 262 72 6 102 247 62 105 164 125 
169 231 79 247 74 244 89 206 78 69 119 241 101 
184 108 126 267 5 120 260 17 124 42 104 156 231 
203 273 191 106 103 4 131 56 244 268 175 234 11 
