171 320
1 11
1 12
11 13
11 14
12 13
12 14
13 15
13 16
14 15
14 16
15 17
15 18
16 17
16 18
17 19
17 20
18 19
18 20
19 21
19 22
20 21
20 22
21 23
21 24
22 23
22 24
23 25
23 26
24 25
24 26
25 171
26 171
2 27
2 28
27 29
27 30
28 29
28 30
29 31
29 32
30 31
30 32
31 33
31 34
32 33
32 34
33 35
33 36
34 35
34 36
35 37
35 38
36 37
36 38
37 39
37 40
38 39
38 40
39 41
39 42
40 41
40 42
41 171
42 171
3 43
3 44
43 45
43 46
44 45
44 46
45 47
45 48
46 47
46 48
47 49
47 50
48 49
48 50
49 51
49 52
50 51
50 52
51 53
51 54
52 53
52 54
53 55
53 56
54 55
54 56
55 57
55 58
56 57
56 58
57 171
58 171
4 59
4 60
59 61
59 62
60 61
60 62
61 63
61 64
62 63
62 64
63 65
63 66
64 65
64 66
65 67
65 68
66 67
66 68
67 69
67 70
68 69
68 70
69 71
69 72
70 71
70 72
71 73
71 74
72 73
72 74
73 171
74 171
5 75
5 76
75 77
75 78
76 77
76 78
77 79
77 80
78 79
78 80
79 81
79 82
80 81
80 82
81 83
81 84
82 83
82 84
83 85
83 86
84 85
84 86
85 87
85 88
86 87
86 88
87 89
87 90
88 89
88 90
89 171
90 171
6 91
6 92
91 93
91 94
92 93
92 94
93 95
93 96
94 95
94 96
95 97
95 98
96 97
96 98
97 99
97 100
98 99
98 100
99 101
99 102
100 101
100 102
101 103
101 104
102 103
102 104
103 105
103 106
104 105
104 106
105 171
106 171
7 107
7 108
107 109
107 110
108 109
108 110
109 111
109 112
110 111
110 112
111 113
111 114
112 113
112 114
113 115
113 116
114 115
114 116
115 117
115 118
116 117
116 118
117 119
117 120
118 119
118 120
119 121
119 122
120 121
120 122
121 171
122 171
8 123
8 124
123 125
123 126
124 125
124 126
125 127
125 128
126 127
126 128
127 129
127 130
128 129
128 130
129 131
129 132
130 131
130 132
131 133
131 134
132 133
132 134
133 135
133 136
134 135
134 136
135 137
135 138
136 137
136 138
137 171
138 171
9 139
9 140
139 141
139 142
140 141
140 142
141 143
141 144
142 143
142 144
143 145
143 146
144 145
144 146
145 147
145 148
146 147
146 148
147 149
147 150
148 149
148 150
149 151
149 152
150 151
150 152
151 153
151 154
152 153
152 154
153 171
154 171
10 155
10 156
155 157
155 158
156 157
156 158
157 159
157 160
158 159
158 160
159 161
159 162
160 161
160 162
161 163
161 164
162 163
162 164
163 165
163 166
164 165
164 166
165 167
165 168
166 167
166 168
167 169
167 170
168 169
168 170
169 171
170 171
