151 220
1 11
1 12
11 13
11 14
12 15
12 16
13 17
13 18
14 19
14 20
15 21
15 22
16 23
16 24
17 151
18 151
19 151
20 151
21 151
22 151
23 151
24 151
2 25
2 26
25 27
25 28
26 29
26 30
27 31
27 32
28 33
28 34
29 35
29 36
30 37
30 38
31 151
32 151
33 151
34 151
35 151
36 151
37 151
38 151
3 39
3 40
39 41
39 42
40 43
40 44
41 45
41 46
42 47
42 48
43 49
43 50
44 51
44 52
45 151
46 151
47 151
48 151
49 151
50 151
51 151
52 151
4 53
4 54
53 55
53 56
54 57
54 58
55 59
55 60
56 61
56 62
57 63
57 64
58 65
58 66
59 151
60 151
61 151
62 151
63 151
64 151
65 151
66 151
5 67
5 68
67 69
67 70
68 71
68 72
69 73
69 74
70 75
70 76
71 77
71 78
72 79
72 80
73 151
74 151
75 151
76 151
77 151
78 151
79 151
80 151
6 81
6 82
81 83
81 84
82 85
82 86
83 87
83 88
84 89
84 90
85 91
85 92
86 93
86 94
87 151
88 151
89 151
90 151
91 151
92 151
93 151
94 151
7 95
7 96
95 97
95 98
96 99
96 100
97 101
97 102
98 103
98 104
99 105
99 106
100 107
100 108
101 151
102 151
103 151
104 151
105 151
106 151
107 151
108 151
8 109
8 110
109 111
109 112
110 113
110 114
111 115
111 116
112 117
112 118
113 119
113 120
114 121
114 122
115 151
116 151
117 151
118 151
119 151
120 151
121 151
122 151
9 123
9 124
123 125
123 126
124 127
124 128
125 129
125 130
126 131
126 132
127 133
127 134
128 135
128 136
129 151
130 151
131 151
132 151
133 151
134 151
135 151
136 151
10 137
10 138
137 139
137 140
138 141
138 142
139 143
139 144
140 145
140 146
141 147
141 148
142 149
142 150
143 151
144 151
145 151
146 151
147 151
148 151
149 151
150 151
