91 160
1 11
1 12
11 13
11 14
12 13
12 14
13 15
13 16
14 15
14 16
15 17
15 18
16 17
16 18
17 91
18 91
2 19
2 20
19 21
19 22
20 21
20 22
21 23
21 24
22 23
22 24
23 25
23 26
24 25
24 26
25 91
26 91
3 27
3 28
27 29
27 30
28 29
28 30
29 31
29 32
30 31
30 32
31 33
31 34
32 33
32 34
33 91
34 91
4 35
4 36
35 37
35 38
36 37
36 38
37 39
37 40
38 39
38 40
39 41
39 42
40 41
40 42
41 91
42 91
5 43
5 44
43 45
43 46
44 45
44 46
45 47
45 48
46 47
46 48
47 49
47 50
48 49
48 50
49 91
50 91
6 51
6 52
51 53
51 54
52 53
52 54
53 55
53 56
54 55
54 56
55 57
55 58
56 57
56 58
57 91
58 91
7 59
7 60
59 61
59 62
60 61
60 62
61 63
61 64
62 63
62 64
63 65
63 66
64 65
64 66
65 91
66 91
8 67
8 68
67 69
67 70
68 69
68 70
69 71
69 72
70 71
70 72
71 73
71 74
72 73
72 74
73 91
74 91
9 75
9 76
75 77
75 78
76 77
76 78
77 79
77 80
78 79
78 80
79 81
79 82
80 81
80 82
81 91
82 91
10 83
10 84
83 85
83 86
84 85
84 86
85 87
85 88
86 87
86 88
87 89
87 90
88 89
88 90
89 91
90 91
